0.8787649180329171
0.08762762839396376
0.2385207239755703
-0.057176902551011155
0.12756426867321577
-0.1091615869065535
0.24987725257793705
-0.31039910713541696
0.365490558056483
-0.0634109670232294
0.7676065817436561
0.1570852996368748
0.4896763835812491
0.22577396091638982
0.23136190828944453
-0.1167973702234
0.6360569998043251
-0.11978073032868458
0.19635062817934795
1.020542222523107
0.12828442927865583
-0.04025669518814125
0.730748345214716
-0.1962965657063928
54.2346814008944
50.00620905727159
1.10528329744661
-72.08006907845858
20.361701755839206
-24.188545814323756
-6.786395201876158
-48.89787655192365
-38.48592440571707
-20.568322741253887
31.211242284143623
-42.04701431542857
13.416209826750142
22.21882936559692
17.36838009398123
-5.014856228810755
50.92424162435365
10.09482257999597
25.428877935742715
1.3731760751120852
-28.73925803090306
