-4.0 -4.0 -0.1643147732497745
-4.0 -3.0 -0.03946501948162506
-4.0 -2.0 0.0051389726336585895
-4.0 -1.0 0.02111379396097579
-4.0 0.0 0.011634210862094818
-4.0 1.0 -0.021320020419363317
-4.0 2.0 -0.05344476732862802
-4.0 3.0 -0.05058827373478891
-3.0 -4.0 0.17770851686083589
-3.0 -3.0 0.1415085050050635
-3.0 -2.0 0.06632373275793935
-3.0 -1.0 0.020740907970314026
-3.0 0.0 0.008760188805101876
-3.0 1.0 0.018873969434359594
-3.0 2.0 0.042099019186380815
-3.0 3.0 0.04917019028256675
-2.0 -4.0 -0.10639556792187577
-2.0 -3.0 -0.09574560143795274
-2.0 -2.0 -0.11497060340755816
-2.0 -1.0 -0.10144858994071182
-2.0 0.0 -0.06477635853496011
-2.0 1.0 -0.02069314579039272
-2.0 2.0 0.03226616497344992
-2.0 3.0 0.07453796413441438
-1.0 -4.0 0.04794622673634308
-1.0 -3.0 0.033335769745957755
-1.0 -2.0 -0.005010932447182537
-1.0 -1.0 -0.008852966450657807
-1.0 0.0 -0.004762719461760767
-1.0 1.0 -0.01898417844470046
-1.0 2.0 -0.03579269496720627
-1.0 3.0 -0.03587814572204451
0.0 -4.0 0.038767073032694555
0.0 -3.0 0.06675553474395635
0.0 -2.0 0.048473031448481585
0.0 -1.0 0.05934512193536001
0.0 0.0 0.07400841313580742
0.0 1.0 0.057228020130089874
0.0 2.0 0.026142756490969532
0.0 3.0 0.029454930277314162
1.0 -4.0 -0.15900882372541147
1.0 -3.0 -0.06094352243372114
1.0 -2.0 -0.055562192716799075
1.0 -1.0 -0.03246762156604177
1.0 0.0 0.005556597596855006
1.0 1.0 0.01758909015272092
1.0 2.0 -8.80449145906681E-4
1.0 3.0 -0.009167831370094248
2.0 -4.0 0.09273509249583611
2.0 -3.0 0.13923968996438774
2.0 -2.0 0.052989629958844375
2.0 -1.0 -0.021705692843589475
2.0 0.0 -0.04679810327364464
2.0 1.0 -0.053022943365503394
2.0 2.0 -0.07201651325014675
2.0 3.0 -0.09961539596477675
3.0 -4.0 -0.08990562149691073
3.0 -3.0 0.006450836213126365
3.0 -2.0 -0.01869891605553775
3.0 -1.0 -0.04978914969257353
3.0 0.0 -0.03764875653536315
3.0 1.0 0.006354980628989981
3.0 2.0 0.05258310881852424
3.0 3.0 0.09355045696682751
