-4.0 -4.0 0.35151096279445326
-4.0 -3.8 0.25711037032470685
-4.0 -3.5999999999999996 0.17244495790236058
-4.0 -3.3999999999999995 0.097170762532091
-4.0 -3.1999999999999993 0.030936700436317466
-4.0 -2.999999999999999 -0.026615258652793017
-4.0 -2.799999999999999 -0.07584991479263792
-4.0 -2.5999999999999988 -0.11713865887513286
-4.0 -2.3999999999999986 -0.15085929157128497
-4.0 -2.1999999999999984 -0.17739584033055156
-4.0 -1.9999999999999984 -0.19713837458965422
-4.0 -1.7999999999999985 -0.2104828193460122
-4.0 -1.5999999999999985 -0.2178307672502875
-4.0 -1.3999999999999986 -0.21958928937255778
-4.0 -1.1999999999999986 -0.2161707447957708
-4.0 -0.9999999999999987 -0.2079925891896064
-4.0 -0.7999999999999987 -0.19547718251683222
-4.0 -0.5999999999999988 -0.17905159602331722
-4.0 -0.39999999999999875 -0.1591474186615418
-4.0 -0.19999999999999873 -0.13620056309612494
-4.0 1.27675647831893E-15 -0.1106510714383635
-4.0 0.2000000000000013 -0.08294292085510335
-4.0 0.4000000000000013 -0.05352382919547338
-4.0 0.6000000000000013 -0.02284506077703341
-4.0 0.8000000000000014 0.008638767529216551
-4.0 1.0000000000000013 0.04046987977758576
-4.0 1.2000000000000013 0.07218753385520671
-4.0 1.4000000000000012 0.10332821368606915
-4.0 1.6000000000000012 0.13342582060118957
-4.0 1.8000000000000012 0.16201186374804166
-4.0 2.0000000000000013 0.18861564941430942
-4.0 2.2000000000000015 0.2127644691446804
-4.0 2.4000000000000017 0.233983786531482
-4.0 2.600000000000002 0.2517974225640245
-4.0 2.800000000000002 0.265727739423653
-4.0 3.000000000000002 0.2752958226150426
-4.0 3.2000000000000024 0.2800216613281492
-4.0 3.4000000000000026 0.27942432692746166
-4.0 3.6000000000000028 0.2730221494692344
-4.0 3.800000000000003 0.2603328921510979
-3.8 -4.0 0.5791940976716923
-3.8 -3.8 0.4787822624056801
-3.8 -3.5999999999999996 0.387409475081018
-3.8 -3.3999999999999995 0.304720678632723
-3.8 -3.1999999999999993 0.2303532700592612
-3.8 -2.999999999999999 0.16393728296913856
-3.8 -2.799999999999999 0.10509557268227354
-3.8 -2.5999999999999988 0.05344400372422875
-3.8 -2.3999999999999986 0.008591639551580599
-3.8 -2.1999999999999984 -0.029859065654230577
-3.8 -1.9999999999999984 -0.06231207328691202
-3.8 -1.7999999999999985 -0.08917756487186868
-3.8 -1.5999999999999985 -0.11087174504153641
-3.8 -1.3999999999999986 -0.12781664309145294
-3.8 -1.1999999999999986 -0.14043991327838712
-3.8 -0.9999999999999987 -0.14917463402116038
-3.8 -0.7999999999999987 -0.15445910616376946
-3.8 -0.5999999999999988 -0.15673665045940588
-3.8 -0.39999999999999875 -0.15645540443267514
-3.8 -0.19999999999999873 -0.15406811877589455
-3.8 1.27675647831893E-15 -0.15003195343374642
-3.8 0.2000000000000013 -0.14480827352891978
-3.8 0.4000000000000013 -0.13886244527938985
-3.8 0.6000000000000013 -0.13266363205592668
-3.8 0.8000000000000014 -0.12668459072665783
-3.8 1.0000000000000013 -0.12140146843242405
-3.8 1.2000000000000013 -0.117293599935266
-3.8 1.4000000000000012 -0.11484330567895285
-3.8 1.6000000000000012 -0.11453569069821867
-3.8 1.8000000000000012 -0.11685844451091754
-3.8 2.0000000000000013 -0.12230164212354566
-3.8 2.2000000000000015 -0.13135754627846552
-3.8 2.4000000000000017 -0.14452041106799385
-3.8 2.600000000000002 -0.16228628703645143
-3.8 2.800000000000002 -0.18515282788960263
-3.8 3.000000000000002 -0.213619098926074
-3.8 3.2000000000000024 -0.24818538730291095
-3.8 3.4000000000000026 -0.2893530142435381
-3.8 3.6000000000000028 -0.33762414929319107
-3.8 3.800000000000003 -0.3935016267227951
-3.5999999999999996 -4.0 0.6226481112088535
-3.5999999999999996 -3.8 0.5271939978624793
-3.5999999999999996 -3.5999999999999996 0.4402953193715611
-3.5999999999999996 -3.3999999999999995 0.3615869074002802
-3.5999999999999996 -3.1999999999999993 0.29069555418313087
-3.5999999999999996 -2.999999999999999 0.22724020354051078
-3.5999999999999996 -2.799999999999999 0.17083214463895935
-3.5999999999999996 -2.5999999999999988 0.12107520832623031
-3.5999999999999996 -2.3999999999999986 0.07756596587094222
-3.5999999999999996 -2.1999999999999984 0.03989392993604213
-3.5999999999999996 -1.9999999999999984 0.007641757615228784
-3.5999999999999996 -1.7999999999999985 -0.019614544638693943
-3.5999999999999996 -1.5999999999999985 -0.042305414364271154
-3.5999999999999996 -1.3999999999999986 -0.060867524890922675
-3.5999999999999996 -1.1999999999999986 -0.07574357575750357
-3.5999999999999996 -0.9999999999999987 -0.08738208191889374
-3.5999999999999996 -0.7999999999999987 -0.09623716190866638
-3.5999999999999996 -0.5999999999999988 -0.10276832512499645
-3.5999999999999996 -0.39999999999999875 -0.10744025840541482
-3.5999999999999996 -0.19999999999999873 -0.11072261205475442
-3.5999999999999996 1.27675647831893E-15 -0.11308978548895254
-3.5999999999999996 0.2000000000000013 -0.11502071265555713
-3.5999999999999996 0.4000000000000013 -0.1169986473900444
-3.5999999999999996 0.6000000000000013 -0.11951094886460467
-3.5999999999999996 0.8000000000000014 -0.12304886728437481
-3.5999999999999996 1.0000000000000013 -0.12810732998307017
-3.5999999999999996 1.2000000000000013 -0.135184728068392
-3.5999999999999996 1.4000000000000012 -0.14478270376360314
-3.5999999999999996 1.6000000000000012 -0.1574059385907276
-3.5999999999999996 1.8000000000000012 -0.17356194253606105
-3.5999999999999996 2.0000000000000013 -0.1937608443372696
-3.5999999999999996 2.2000000000000015 -0.21851518302724315
-3.5999999999999996 2.4000000000000017 -0.24833970086750412
-3.5999999999999996 2.600000000000002 -0.28375113779974015
-3.5999999999999996 2.800000000000002 -0.3252680275416324
-3.5999999999999996 3.000000000000002 -0.37341049544912863
-3.5999999999999996 3.2000000000000024 -0.428700058264063
-3.5999999999999996 3.4000000000000026 -0.49165942586203926
-3.5999999999999996 3.6000000000000028 -0.5628123051123879
-3.5999999999999996 3.800000000000003 -0.6426832059578516
-3.3999999999999995 -4.0 0.5334053610207619
-3.3999999999999995 -3.8 0.4498688500105885
-3.3999999999999995 -3.5999999999999996 0.37458725507551804
-3.3999999999999995 -3.3999999999999995 0.3071875602904832
-3.3999999999999995 -3.1999999999999993 0.24728813885155176
-3.3999999999999995 -2.999999999999999 0.19449895217757884
-3.3999999999999995 -2.799999999999999 0.1484217520097797
-3.3999999999999995 -2.5999999999999988 0.10865028533092946
-3.3999999999999995 -2.3999999999999986 0.07477050192540702
-3.3999999999999995 -2.1999999999999984 0.046360764400242616
-3.3999999999999995 -1.9999999999999984 0.022992060487535326
-3.3999999999999995 -1.7999999999999985 0.004228217448097205
-3.3999999999999995 -1.5999999999999985 -0.01037388160349062
-3.3999999999999995 -1.3999999999999986 -0.021264079631969746
-3.3999999999999995 -1.1999999999999986 -0.028898726051852508
-3.3999999999999995 -0.9999999999999987 -0.03374045571354056
-3.3999999999999995 -0.7999999999999987 -0.036257966682665455
-3.3999999999999995 -0.5999999999999988 -0.03692579698916454
-3.3999999999999995 -0.39999999999999875 -0.036224100521218716
-3.3999999999999995 -0.19999999999999873 -0.034638422237938116
-3.3999999999999995 1.27675647831893E-15 -0.03265947287289528
-3.3999999999999995 0.2000000000000013 -0.030782903299012787
-3.3999999999999995 0.4000000000000013 -0.029509078723222615
-3.3999999999999995 0.6000000000000013 -0.029342852877281445
-3.3999999999999995 0.8000000000000014 -0.03079334236912601
-3.3999999999999995 1.0000000000000013 -0.03437370135609541
-3.3999999999999995 1.2000000000000013 -0.040600896699722
-3.3999999999999995 1.4000000000000012 -0.04999548375845109
-3.3999999999999995 1.6000000000000012 -0.063081382971923
-3.3999999999999995 1.8000000000000012 -0.08038565738790737
-3.3999999999999995 2.0000000000000013 -0.10243829127961845
-3.3999999999999995 2.2000000000000015 -0.12977196999790408
-3.3999999999999995 2.4000000000000017 -0.16292186119980556
-3.3999999999999995 2.600000000000002 -0.20242539759145473
-3.3999999999999995 2.800000000000002 -0.2488220613199701
-3.3999999999999995 3.000000000000002 -0.3026531701447155
-3.3999999999999995 3.2000000000000024 -0.3644616655163162
-3.3999999999999995 3.4000000000000026 -0.43479190268593015
-3.3999999999999995 3.6000000000000028 -0.5141894429652893
-3.3999999999999995 3.800000000000003 -0.6032008482529676
-3.1999999999999993 -4.0 0.3687425581289041
-3.1999999999999993 -3.8 0.3000510672552714
-3.1999999999999993 -3.5999999999999996 0.23945245318541097
-3.1999999999999993 -3.3999999999999995 0.1865695324858727
-3.1999999999999993 -3.1999999999999993 0.14101585529240168
-3.1999999999999993 -2.999999999999999 0.10239591133673187
-3.1999999999999993 -2.799999999999999 0.07030533930834437
-3.1999999999999993 -2.5999999999999988 0.044331139364059524
-3.1999999999999993 -2.3999999999999986 0.02405188859821017
-3.1999999999999993 -2.1999999999999984 0.009037959284423636
-3.1999999999999993 -1.9999999999999984 -0.0011482602996197855
-3.1999999999999993 -1.7999999999999985 -0.006952142653965154
-3.1999999999999993 -1.5999999999999985 -0.008826595634027878
-3.1999999999999993 -1.3999999999999986 -0.00723183501353053
-3.1999999999999993 -1.1999999999999986 -0.002635155221632157
-3.1999999999999993 -0.9999999999999987 0.004489301557239145
-3.1999999999999993 -0.7999999999999987 0.013660777733146112
-3.1999999999999993 -0.5999999999999988 0.024392133923177184
-3.1999999999999993 -0.39999999999999875 0.03619008364110066
-3.1999999999999993 -0.19999999999999873 0.04855542887983333
-3.1999999999999993 1.27675647831893E-15 0.060983296403760434
-3.1999999999999993 0.2000000000000013 0.07296337456992319
-3.1999999999999993 0.4000000000000013 0.08398015049857932
-3.1999999999999993 0.6000000000000013 0.09351314741605066
-3.1999999999999993 0.8000000000000014 0.1010371619946433
-3.1999999999999993 1.0000000000000013 0.10602250151694648
-3.1999999999999993 1.2000000000000013 0.10793522069448613
-3.1999999999999993 1.4000000000000012 0.10623735797282308
-3.1999999999999993 1.6000000000000012 0.10038717115880047
-3.1999999999999993 1.8000000000000012 0.08983937220763494
-3.1999999999999993 2.0000000000000013 0.07404536101162051
-3.1999999999999993 2.2000000000000015 0.05245345803472645
-3.1999999999999993 2.4000000000000017 0.024509135640457202
-3.1999999999999993 2.600000000000002 -0.01034475203484675
-3.1999999999999993 2.800000000000002 -0.05266774080953951
-3.1999999999999993 3.000000000000002 -0.10302152992582592
-3.1999999999999993 3.2000000000000024 -0.16196975739899955
-3.1999999999999993 3.4000000000000026 -0.23007777738010304
-3.1999999999999993 3.6000000000000028 -0.30791243966280035
-3.1999999999999993 3.800000000000003 -0.39604187146009906
-2.999999999999999 -4.0 0.1828181287724533
-2.999999999999999 -3.8 0.12842719540601877
-2.999999999999999 -3.5999999999999996 0.08205137368478788
-2.999999999999999 -3.3999999999999995 0.043314381236964294
-2.999999999999999 -3.1999999999999993 0.011829929583139887
-2.999999999999999 -2.999999999999999 -0.012798064989357982
-2.999999999999999 -2.799999999999999 -0.030975266780504995
-2.999999999999999 -2.5999999999999988 -0.0431167024539203
-2.999999999999999 -2.3999999999999986 -0.04964653943136099
-2.999999999999999 -2.1999999999999984 -0.05099786110231541
-2.999999999999999 -1.9999999999999984 -0.04761243904613277
-2.999999999999999 -1.7999999999999985 -0.03994050246540226
-2.999999999999999 -1.5999999999999985 -0.028440505029231122
-2.999999999999999 -1.3999999999999986 -0.01357888932552731
-2.999999999999999 -1.1999999999999986 0.004170150878694434
-2.999999999999999 -0.9999999999999987 0.024324910370130848
-2.999999999999999 -0.7999999999999987 0.0463964140169173
-2.999999999999999 -0.5999999999999988 0.06988865989346671
-2.999999999999999 -0.39999999999999875 0.09429886380572228
-2.999999999999999 -0.19999999999999873 0.11911770502108432
-2.999999999999999 1.27675647831893E-15 0.14382957300862032
-2.999999999999999 0.2000000000000013 0.16791281499663313
-2.999999999999999 0.4000000000000013 0.190839984156284
-2.999999999999999 0.6000000000000013 0.21207808822201457
-2.999999999999999 0.8000000000000014 0.23108883836123084
-2.999999999999999 1.0000000000000013 0.2473288981083286
-2.999999999999999 1.2000000000000013 0.26025013218017534
-2.999999999999999 1.4000000000000012 0.2692998549929868
-2.999999999999999 1.6000000000000012 0.273921078703097
-2.999999999999999 1.8000000000000012 0.2735527605968926
-2.999999999999999 2.0000000000000013 0.26763004965891923
-2.999999999999999 2.2000000000000015 0.25558453214880217
-2.999999999999999 2.4000000000000017 0.23684447602276038
-2.999999999999999 2.600000000000002 0.2108350740378242
-2.999999999999999 2.800000000000002 0.17697868538004968
-2.999999999999999 3.000000000000002 0.1346950756634655
-2.999999999999999 3.2000000000000024 0.0834016551477248
-2.999999999999999 3.4000000000000026 0.022513715029006676
-2.999999999999999 3.6000000000000028 -0.04855533833983827
-2.999999999999999 3.800000000000003 -0.13039375143719667
-2.799999999999999 -4.0 0.0189105987680378
-2.799999999999999 -3.8 -0.02419289970756111
-2.799999999999999 -3.5999999999999996 -0.05933155599790396
-2.799999999999999 -3.3999999999999995 -0.08687449603800346
-2.799999999999999 -3.1999999999999993 -0.10720166744155435
-2.799999999999999 -2.999999999999999 -0.12070362684041314
-2.799999999999999 -2.799999999999999 -0.12778132290484123
-2.799999999999999 -2.5999999999999988 -0.12884587524519553
-2.799999999999999 -2.3999999999999986 -0.1243183493966864
-2.799999999999999 -2.1999999999999984 -0.11462952809084115
-2.799999999999999 -1.9999999999999984 -0.10021967901909257
-2.799999999999999 -1.7999999999999985 -0.08153831929457844
-2.799999999999999 -1.5999999999999985 -0.05904397681954254
-2.799999999999999 -1.3999999999999986 -0.0332039487662501
-2.799999999999999 -1.1999999999999986 -0.0044940573799943095
-2.799999999999999 -0.9999999999999987 0.026601596687228835
-2.799999999999999 -0.7999999999999987 0.059590883303676456
-2.799999999999999 -0.5999999999999988 0.09397389383695298
-2.799999999999999 -0.39999999999999875 0.12924319397733797
-2.799999999999999 -0.19999999999999873 0.1648840781980141
-2.799999999999999 1.27675647831893E-15 0.20037482564588238
-2.799999999999999 0.2000000000000013 0.23518695725761418
-2.799999999999999 0.4000000000000013 0.2687854938971945
-2.799999999999999 0.6000000000000013 0.3006292153124548
-2.799999999999999 0.8000000000000014 0.3301709197100564
-2.799999999999999 1.0000000000000013 0.35685768375028104
-2.799999999999999 1.2000000000000013 0.380131122764908
-2.799999999999999 1.4000000000000012 0.39942765100448696
-2.799999999999999 1.6000000000000012 0.41417874172243074
-2.799999999999999 1.8000000000000012 0.4238111869080612
-2.799999999999999 2.0000000000000013 0.42774735648117
-2.799999999999999 2.2000000000000015 0.4254054567661285
-2.799999999999999 2.4000000000000017 0.4161997880646737
-2.799999999999999 2.600000000000002 0.39954100115127034
-2.799999999999999 2.800000000000002 0.374836352517562
-2.799999999999999 3.000000000000002 0.34148995819653294
-2.799999999999999 3.2000000000000024 0.2989030460003619
-2.799999999999999 3.4000000000000026 0.246474206010177
-2.799999999999999 3.6000000000000028 0.1835996391598087
-2.799999999999999 3.800000000000003 0.10967340375925971
-2.5999999999999988 -4.0 -0.09528924595907995
-2.5999999999999988 -3.8 -0.13138910816615734
-2.5999999999999988 -3.5999999999999996 -0.1595993827558182
-2.5999999999999988 -3.3999999999999995 -0.180274938669708
-2.5999999999999988 -3.1999999999999993 -0.19378234072057765
-2.5999999999999988 -2.999999999999999 -0.20049963915532842
-2.5999999999999988 -2.799999999999999 -0.20081615424365395
-2.5999999999999988 -2.5999999999999988 -0.19513225609499862
-2.5999999999999988 -2.3999999999999986 -0.1838591399091527
-2.5999999999999988 -2.1999999999999984 -0.16741859686839433
-2.5999999999999988 -1.9999999999999984 -0.1462427808811393
-2.5999999999999988 -1.7999999999999985 -0.1207739713891236
-2.5999999999999988 -1.5999999999999985 -0.09146433245166463
-2.5999999999999988 -1.3999999999999986 -0.058775668322079255
-2.5999999999999988 -1.1999999999999986 -0.023179175732495838
-2.5999999999999988 -0.9999999999999987 0.014844806895900398
-2.5999999999999988 -0.7999999999999987 0.0548070530994087
-2.5999999999999988 -0.5999999999999988 0.0962097046569852
-2.5999999999999988 -0.39999999999999875 0.1385465302958142
-2.5999999999999988 -0.19999999999999873 0.18130318659897782
-2.5999999999999988 1.27675647831893E-15 0.22395748089745915
-2.5999999999999988 0.2000000000000013 0.26597963592913487
-2.5999999999999988 0.4000000000000013 0.30683255604830606
-2.5999999999999988 0.6000000000000013 0.3459720947703211
-2.5999999999999988 0.8000000000000014 0.3828473234370975
-2.5999999999999988 1.0000000000000013 0.41690080079094827
-2.5999999999999988 1.2000000000000013 0.44756884324556623
-2.5999999999999988 1.4000000000000012 0.4742817956452683
-2.5999999999999988 1.6000000000000012 0.4964643023055473
-2.5999999999999988 1.8000000000000012 0.5135355781300959
-2.5999999999999988 2.0000000000000013 0.5249096796025938
-2.5999999999999988 2.2000000000000015 0.529995775453564
-2.5999999999999988 2.4000000000000017 0.5281984168058997
-2.5999999999999988 2.600000000000002 0.5189178066057281
-2.5999999999999988 2.800000000000002 0.5015500681485037
-2.5999999999999988 3.000000000000002 0.4754875125134035
-2.5999999999999988 3.2000000000000024 0.440118904722965
-2.5999999999999988 3.4000000000000026 0.3948297284487978
-2.5999999999999988 3.6000000000000028 0.3390024490872463
-2.5999999999999988 3.800000000000003 0.27201677503418864
-2.3999999999999986 -4.0 -0.14857547141911098
-2.3999999999999986 -3.8 -0.18209624852859463
-2.3999999999999986 -3.5999999999999996 -0.2078705636960585
-2.3999999999999986 -3.3999999999999995 -0.22623149910434037
-2.3999999999999986 -3.1999999999999993 -0.23752474019622127
-2.3999999999999986 -2.999999999999999 -0.24210837228238802
-2.3999999999999986 -2.799999999999999 -0.24035267142558503
-2.3999999999999986 -2.5999999999999988 -0.23263988980199102
-2.3999999999999986 -2.3999999999999986 -0.21936403574413177
-2.3999999999999986 -2.1999999999999984 -0.2009306486732232
-2.3999999999999986 -1.9999999999999984 -0.17775656913207616
-2.3999999999999986 -1.7999999999999985 -0.15026970413246143
-2.3999999999999986 -1.5999999999999985 -0.11890878803337968
-2.3999999999999986 -1.3999999999999986 -0.08412313916925318
-2.3999999999999986 -1.1999999999999986 -0.04637241244882684
-2.3999999999999986 -0.9999999999999987 -0.006126348147606819
-2.3999999999999986 -0.7999999999999987 0.03613548288194579
-2.3999999999999986 -0.5999999999999988 0.07992393735693337
-2.3999999999999986 -0.39999999999999875 0.12474056084075436
-2.3999999999999986 -0.19999999999999873 0.17007785192282654
-2.3999999999999986 1.27675647831893E-15 0.21541952907355189
-2.3999999999999986 0.2000000000000013 0.26024079994672533
-2.3999999999999986 0.4000000000000013 0.3040086329013789
-2.3999999999999986 0.6000000000000013 0.3461820305157488
-2.3999999999999986 0.8000000000000014 0.38621230486618785
-2.3999999999999986 1.0000000000000013 0.42354335434496804
-2.3999999999999986 1.2000000000000013 0.4576119417919067
-2.3999999999999986 1.4000000000000012 0.4878479737159225
-2.3999999999999986 1.6000000000000012 0.5136747803843775
-2.3999999999999986 1.8000000000000012 0.5345093965594145
-2.3999999999999986 2.0000000000000013 0.5497628426633838
-2.3999999999999986 2.2000000000000015 0.5588404061563352
-2.3999999999999986 2.4000000000000017 0.5611419229121708
-2.3999999999999986 2.600000000000002 0.5560620583823592
-2.3999999999999986 2.800000000000002 0.5429905883382702
-2.3999999999999986 3.000000000000002 0.5213126789875844
-2.3999999999999986 3.2000000000000024 0.49040916626205444
-2.3999999999999986 3.4000000000000026 0.4496568340784819
-2.3999999999999986 3.6000000000000028 0.3984286913773616
-2.3999999999999986 3.800000000000003 0.3360942477488891
-2.1999999999999984 -4.0 -0.1438613525601724
-2.1999999999999984 -3.8 -0.1785005487604856
-2.1999999999999984 -3.5999999999999996 -0.2056346719548614
-2.1999999999999984 -3.3999999999999995 -0.22556747584145853
-2.1999999999999984 -3.1999999999999993 -0.23861622667722315
-2.1999999999999984 -2.999999999999999 -0.2451115123360701
-2.1999999999999984 -2.799999999999999 -0.24539704482757152
-2.1999999999999984 -2.5999999999999988 -0.23982945646937814
-2.1999999999999984 -2.3999999999999986 -0.22877808991121462
-2.1999999999999984 -2.1999999999999984 -0.21262478221304804
-2.1999999999999984 -1.9999999999999984 -0.19176364318410588
-2.1999999999999984 -1.7999999999999985 -0.1666008281936353
-2.1999999999999984 -1.5999999999999985 -0.13755430566792137
-2.1999999999999984 -1.3999999999999986 -0.10505361949159653
-2.1999999999999984 -1.1999999999999986 -0.06953964653443556
-2.1999999999999984 -0.9999999999999987 -0.0314643495278073
-2.1999999999999984 -0.7999999999999987 0.008709474482498258
-2.1999999999999984 -0.5999999999999988 0.050508449877961326
-2.1999999999999984 -0.39999999999999875 0.09344888217235514
-2.1999999999999984 -0.19999999999999873 0.13703702144716523
-2.1999999999999984 1.27675647831893E-15 0.1807693292829189
-2.1999999999999984 0.2000000000000013 0.22413274895080804
-2.1999999999999984 0.4000000000000013 0.26660497862794585
-2.1999999999999984 0.6000000000000013 0.30765474739900966
-2.1999999999999984 0.8000000000000014 0.3467420938065935
-2.1999999999999984 1.0000000000000013 0.38331864671262394
-2.1999999999999984 1.2000000000000013 0.4168279082329356
-2.1999999999999984 1.4000000000000012 0.44670553850851036
-2.1999999999999984 1.6000000000000012 0.4723796420759996
-2.1999999999999984 1.8000000000000012 0.49327105560293205
-2.1999999999999984 2.0000000000000013 0.5087936367529693
-2.1999999999999984 2.2000000000000015 0.5183545539483134
-2.1999999999999984 2.4000000000000017 0.5213545767986361
-2.1999999999999984 2.600000000000002 0.5171883669673036
-2.1999999999999984 2.800000000000002 0.505244769247895
-2.1999999999999984 3.000000000000002 0.4849071026272611
-2.1999999999999984 3.2000000000000024 0.45555345111288403
-2.1999999999999984 3.4000000000000026 0.4165569541062837
-2.1999999999999984 3.6000000000000028 0.3672860961066675
-2.1999999999999984 3.800000000000003 0.30710499553279647
-1.9999999999999984 -4.0 -0.09389660927421417
-1.9999999999999984 -3.8 -0.13210532164389477
-1.9999999999999984 -3.5999999999999996 -0.163166067650522
-1.9999999999999984 -3.3999999999999995 -0.18734607974535322
-1.9999999999999984 -3.1999999999999993 -0.2049269799677056
-1.9999999999999984 -2.999999999999999 -0.2162046071592041
-1.9999999999999984 -2.799999999999999 -0.22148883679464682
-1.9999999999999984 -2.5999999999999988 -0.22110339360788345
-1.9999999999999984 -2.3999999999999986 -0.21538565719729874
-1.9999999999999984 -2.1999999999999984 -0.20468646080132302
-1.9999999999999984 -1.9999999999999984 -0.18936988344001549
-1.9999999999999984 -1.7999999999999985 -0.16981303562397088
-1.9999999999999984 -1.5999999999999985 -0.14640583883690939
-1.9999999999999984 -1.3999999999999986 -0.1195507990031468
-1.9999999999999984 -1.1999999999999986 -0.08966277415548501
-1.9999999999999984 -0.9999999999999987 -0.057168736523440344
-1.9999999999999984 -0.7999999999999987 -0.02250752926554611
-1.9999999999999984 -0.5999999999999988 0.013870381926794906
-1.9999999999999984 -0.39999999999999875 0.05150316212321471
-1.9999999999999984 -0.19999999999999873 0.08991786511209554
-1.9999999999999984 1.27675647831893E-15 0.1286306957855583
-1.9999999999999984 0.2000000000000013 0.16714727671268115
-1.9999999999999984 0.4000000000000013 0.20496291865953253
-1.9999999999999984 0.6000000000000013 0.24156289481318183
-1.9999999999999984 0.8000000000000014 0.27642271846474387
-1.9999999999999984 1.0000000000000013 0.30900842390557415
-1.9999999999999984 1.2000000000000013 0.3387768502897508
-1.9999999999999984 1.4000000000000012 0.3651759282152014
-1.9999999999999984 1.6000000000000012 0.38764496877536203
-1.9999999999999984 1.8000000000000012 0.4056149548335881
-1.9999999999999984 2.0000000000000013 0.41850883427198937
-1.9999999999999984 2.2000000000000015 0.42574181496801344
-1.9999999999999984 2.4000000000000017 0.42672166125148436
-1.9999999999999984 2.600000000000002 0.42084899159713274
-1.9999999999999984 2.800000000000002 0.407517577308262
-1.9999999999999984 3.000000000000002 0.3861146419492414
-1.9999999999999984 3.2000000000000024 0.3560211612858666
-1.9999999999999984 3.4000000000000026 0.3166121634957193
-1.9999999999999984 3.6000000000000028 0.26725702941219254
-1.9999999999999984 3.800000000000003 0.20731979256882482
-1.7999999999999985 -4.0 -0.016514459678806048
-1.7999999999999985 -3.8 -0.05931456359765974
-1.7999999999999985 -3.5999999999999996 -0.09544550215306913
-1.7999999999999985 -3.3999999999999995 -0.12513141699461272
-1.7999999999999985 -3.1999999999999993 -0.14861164992543863
-1.7999999999999985 -2.999999999999999 -0.16614059397672776
-1.7999999999999985 -2.799999999999999 -0.17798753627138986
-1.7999999999999985 -2.5999999999999988 -0.18443649283350005
-1.7999999999999985 -2.3999999999999986 -0.18578603550668404
-1.7999999999999985 -2.1999999999999984 -0.1823491111527371
-1.7999999999999985 -1.9999999999999984 -0.1744528533077645
-1.7999999999999985 -1.7999999999999985 -0.16243838648059672
-1.7999999999999985 -1.5999999999999985 -0.14666062328408547
-1.7999999999999985 -1.3999999999999986 -0.12748805459655488
-1.7999999999999985 -1.1999999999999986 -0.1053025329561657
-1.7999999999999985 -0.9999999999999987 -0.08049904939714692
-1.7999999999999985 -0.7999999999999987 -0.053485503941562484
-1.7999999999999985 -0.5999999999999988 -0.02468246996605128
-1.7999999999999985 -0.39999999999999875 0.0054770473326613
-1.7999999999999985 -0.19999999999999873 0.03654785814499384
-1.7999999999999985 1.27675647831893E-15 0.06807284069572539
-1.7999999999999985 0.2000000000000013 0.0995831990946332
-1.7999999999999985 0.4000000000000013 0.13059872615030343
-1.7999999999999985 0.6000000000000013 0.16062807090358433
-1.7999999999999985 0.8000000000000014 0.18916901063416347
-1.7999999999999985 1.0000000000000013 0.21570872709089883
-1.7999999999999985 1.2000000000000013 0.239724086694725
-1.7999999999999985 1.4000000000000012 0.2606819244601084
-1.7999999999999985 1.6000000000000012 0.278039331380036
-1.7999999999999985 1.8000000000000012 0.2912439450175981
-1.7999999999999985 2.0000000000000013 0.2997342430467853
-1.7999999999999985 2.2000000000000015 0.3029398394834075
-1.7999999999999985 2.4000000000000017 0.30028178334762146
-1.7999999999999985 2.600000000000002 0.2911728594991416
-1.7999999999999985 2.800000000000002 0.2750178913855663
-1.7999999999999985 3.000000000000002 0.25121404544658077
-1.7999999999999985 3.2000000000000024 0.2191511369153929
-1.7999999999999985 3.4000000000000026 0.17821193676245173
-1.7999999999999985 3.6000000000000028 0.1277724795251487
-1.7999999999999985 3.800000000000003 0.06720237177171384
-1.5999999999999985 -4.0 0.06953121984476596
-1.5999999999999985 -3.8 0.022466279883916584
-1.5999999999999985 -3.5999999999999996 -0.01852702870826839
-1.5999999999999985 -3.3999999999999995 -0.05362399398954487
-1.5999999999999985 -3.1999999999999993 -0.08301581634194832
-1.5999999999999985 -2.999999999999999 -0.10690948881836349
-1.5999999999999985 -2.799999999999999 -0.12552766851608332
-1.5999999999999985 -2.5999999999999988 -0.13910853910372012
-1.5999999999999985 -2.3999999999999986 -0.14790566463596022
-1.5999999999999985 -2.1999999999999984 -0.15218783479962816
-1.5999999999999985 -1.9999999999999984 -0.15223890174226185
-1.5999999999999985 -1.7999999999999985 -0.14835760864302472
-1.5999999999999985 -1.5999999999999985 -0.14085741019314169
-1.5999999999999985 -1.3999999999999986 -0.13006628516100815
-1.5999999999999985 -1.1999999999999986 -0.11632654122440833
-1.5999999999999985 -0.9999999999999987 -0.09999461225947037
-1.5999999999999985 -0.7999999999999987 -0.08144084828284459
-1.5999999999999985 -0.5999999999999988 -0.06104929825036631
-1.5999999999999985 -0.39999999999999875 -0.03921748592165741
-1.5999999999999985 -0.19999999999999873 -0.016356179006466576
-1.5999999999999985 1.27675647831893E-15 0.007110848185863716
-1.5999999999999985 0.2000000000000013 0.030747058366747737
-1.5999999999999985 0.4000000000000013 0.054103400926301504
-1.5999999999999985 0.6000000000000013 0.07671856739173322
-1.5999999999999985 0.8000000000000014 0.09811925244442676
-1.5999999999999985 1.0000000000000013 0.11782042024981365
-1.5999999999999985 1.2000000000000013 0.13532557584980154
-1.5999999999999985 1.4000000000000012 0.1501270413645983
-1.5999999999999985 1.6000000000000012 0.1617062367465394
-1.5999999999999985 1.8000000000000012 0.16953396482684013
-1.5999999999999985 2.0000000000000013 0.17307070039193206
-1.5999999999999985 2.2000000000000015 0.17176688302581056
-1.5999999999999985 2.4000000000000017 0.16506321345084984
-1.5999999999999985 2.600000000000002 0.1523909530999461
-1.5999999999999985 2.800000000000002 0.13317222664968398
-1.5999999999999985 3.000000000000002 0.10682032724550794
-1.5999999999999985 3.2000000000000024 0.07274002414705194
-1.5999999999999985 3.4000000000000026 0.03032787252415403
-1.5999999999999985 3.6000000000000028 -0.021027474868311913
-1.5999999999999985 3.800000000000003 -0.08194495440575622
-1.3999999999999986 -4.0 0.14761405146856887
-1.3999999999999986 -3.8 0.09770884042579908
-1.3999999999999986 -3.5999999999999996 0.053168052688191025
-1.3999999999999986 -3.3999999999999995 0.013870103254456367
-1.3999999999999986 -3.1999999999999993 -0.020323090815464795
-1.3999999999999986 -2.999999999999999 -0.04956602488200623
-1.3999999999999986 -2.799999999999999 -0.07402951158475446
-1.3999999999999986 -2.5999999999999988 -0.0939005761670586
-1.3999999999999986 -2.3999999999999986 -0.10938234236435562
-1.3999999999999986 -2.1999999999999984 -0.12069390896419208
-1.3999999999999986 -1.9999999999999984 -0.128070217155277
-1.3999999999999986 -1.7999999999999985 -0.1317619087920372
-1.3999999999999986 -1.5999999999999985 -0.1320351757105951
-1.3999999999999986 -1.3999999999999986 -0.12917160024090002
-1.3999999999999986 -1.1999999999999986 -0.12346798706877282
-1.3999999999999986 -0.9999999999999987 -0.11523618661013035
-1.3999999999999986 -0.7999999999999987 -0.1048029100680683
-1.3999999999999986 -0.5999999999999988 -0.09250953635179382
-1.3999999999999986 -0.39999999999999875 -0.07871191104427666
-1.3999999999999986 -0.19999999999999873 -0.06378013761326251
-1.3999999999999986 1.27675647831893E-15 -0.04809836106770504
-1.3999999999999986 0.2000000000000013 -0.03206454426895711
-1.3999999999999986 0.4000000000000013 -0.016090237112882377
-1.3999999999999986 0.6000000000000013 -6.003388056932124E-4
-1.3999999999999986 0.8000000000000014 0.013967146537268604
-1.3999999999999986 1.0000000000000013 0.02716136073474118
-1.3999999999999986 1.2000000000000013 0.03851884858383059
-1.3999999999999986 1.4000000000000012 0.047563820859174655
-1.3999999999999986 1.6000000000000012 0.053808423015887286
-1.3999999999999986 1.8000000000000012 0.05675300934016292
-1.3999999999999986 2.0000000000000013 0.0558864222873936
-1.3999999999999986 2.2000000000000015 0.05068627674393866
-1.3999999999999986 2.4000000000000017 0.04061924894391922
-1.3999999999999986 2.600000000000002 0.025141369771077393
-1.3999999999999986 2.800000000000002 0.003698322170869517
-1.3999999999999986 3.000000000000002 -0.024274257602861837
-1.3999999999999986 3.2000000000000024 -0.05935047518592995
-1.3999999999999986 3.4000000000000026 -0.10211387002561878
-1.3999999999999986 3.6000000000000028 -0.1531571043090807
-1.3999999999999986 3.800000000000003 -0.21308164917989103
-1.1999999999999986 -4.0 0.2050836299929486
-1.1999999999999986 -3.8 0.15452753075313375
-1.1999999999999986 -3.5999999999999996 0.10853154127568665
-1.1999999999999986 -3.3999999999999995 0.06703166501370283
-1.1999999999999986 -3.1999999999999993 0.029946971985966186
-1.1999999999999986 -2.999999999999999 -0.002820353939124942
-1.1999999999999986 -2.799999999999999 -0.03138495764260085
-1.1999999999999986 -2.5999999999999988 -0.055878245281356875
-1.1999999999999986 -2.3999999999999986 -0.07644830679633241
-1.1999999999999986 -2.1999999999999984 -0.09325982846790382
-1.1999999999999986 -1.9999999999999984 -0.10649399559420969
-1.1999999999999986 -1.7999999999999985 -0.11634838537844283
-1.1999999999999986 -1.5999999999999985 -0.1230368501215302
-1.1999999999999986 -1.3999999999999986 -0.12678939082704474
-1.1999999999999986 -1.1999999999999986 -0.12785202133490725
-1.1999999999999986 -0.9999999999999987 -0.1264866231108197
-1.1999999999999986 -0.7999999999999987 -0.12297079082785167
-1.1999999999999986 -0.5999999999999988 -0.11759766888650702
-1.1999999999999986 -0.39999999999999875 -0.11067577902891923
-1.1999999999999986 -0.19999999999999873 -0.10252883921222278
-1.1999999999999986 1.27675647831893E-15 -0.09349557391509933
-1.1999999999999986 0.2000000000000013 -0.08392951606044008
-1.1999999999999986 0.4000000000000013 -0.07419880074566798
-1.1999999999999986 0.6000000000000013 -0.06468595098048269
-1.1999999999999986 0.8000000000000014 -0.05578765564010624
-1.1999999999999986 1.0000000000000013 -0.047914539849610804
-1.1999999999999986 1.2000000000000013 -0.04149092802278531
-1.1999999999999986 1.4000000000000012 -0.03695459978564486
-1.1999999999999986 1.6000000000000012 -0.034756539022243516
-1.1999999999999986 1.8000000000000012 -0.035360676286543935
-1.1999999999999986 2.0000000000000013 -0.03924362483002852
-1.1999999999999986 2.2000000000000015 -0.04689441050145149
-1.1999999999999986 2.4000000000000017 -0.0588141957799877
-1.1999999999999986 2.600000000000002 -0.07551599820772026
-1.1999999999999986 2.800000000000002 -0.09752440349347324
-1.1999999999999986 3.000000000000002 -0.12537527356279554
-1.1999999999999986 3.2000000000000024 -0.15961544983407094
-1.1999999999999986 3.4000000000000026 -0.2008024520035221
-1.1999999999999986 3.6000000000000028 -0.24950417262511593
-1.1999999999999986 3.800000000000003 -0.30629856777445497
-0.9999999999999987 -4.0 0.23408464424611886
-0.9999999999999987 -3.8 0.1854823338007634
-0.9999999999999987 -3.5999999999999996 0.1405527470610597
-0.9999999999999987 -3.3999999999999995 0.09929238144782282
-0.9999999999999987 -3.1999999999999993 0.061680534172461776
-0.9999999999999987 -2.999999999999999 0.027679308121249413
-0.9999999999999987 -2.799999999999999 -0.00276637184166173
-0.9999999999999987 -2.5999999999999988 -0.02972873214732452
-0.9999999999999987 -2.3999999999999986 -0.05329711337660026
-0.9999999999999987 -2.1999999999999984 -0.07357792271302621
-0.9999999999999987 -1.9999999999999984 -0.09069457602206032
-0.9999999999999987 -1.7999999999999985 -0.10478742959554488
-0.9999999999999987 -1.5999999999999985 -0.11601370161173974
-0.9999999999999987 -1.3999999999999986 -0.12454738337221447
-0.9999999999999987 -1.1999999999999986 -0.13057914038827834
-0.9999999999999987 -0.9999999999999987 -0.13431620340027983
-0.9999999999999987 -0.7999999999999987 -0.13598224942456305
-0.9999999999999987 -0.5999999999999988 -0.1358172729333873
-0.9999999999999987 -0.39999999999999875 -0.13407744728414617
-0.9999999999999987 -0.19999999999999873 -0.13103497652483398
-0.9999999999999987 1.27675647831893E-15 -0.126977937713189
-0.9999999999999987 0.2000000000000013 -0.12221011389735636
-0.9999999999999987 0.4000000000000013 -0.11705081791614091
-0.9999999999999987 0.6000000000000013 -0.11183470718679267
-0.9999999999999987 0.8000000000000014 -0.10691158965810743
-0.9999999999999987 1.0000000000000013 -0.10264622111628086
-0.9999999999999987 1.2000000000000013 -0.09941809403995094
-0.9999999999999987 1.4000000000000012 -0.09762121821012926
-0.9999999999999987 1.6000000000000012 -0.09766389328954261
-0.9999999999999987 1.8000000000000012 -0.0999684735938402
-0.9999999999999987 2.0000000000000013 -0.10497112528604546
-0.9999999999999987 2.2000000000000015 -0.11312157623245866
-0.9999999999999987 2.4000000000000017 -0.12488285876668215
-0.9999999999999987 2.600000000000002 -0.14073104561466465
-0.9999999999999987 2.800000000000002 -0.1611549792408269
-0.9999999999999987 3.000000000000002 -0.18665599488170415
-0.9999999999999987 3.2000000000000024 -0.21774763753930415
-0.9999999999999987 3.4000000000000026 -0.254955373211736
-0.9999999999999987 3.6000000000000028 -0.29881629464434667
-0.9999999999999987 3.800000000000003 -0.3498788218888862
-0.7999999999999987 -4.0 0.2316095949993624
-0.7999999999999987 -3.8 0.187658992366317
-0.7999999999999987 -3.5999999999999996 0.14642472887276892
-0.7999999999999987 -3.3999999999999995 0.10796572421235062
-0.7999999999999987 -3.1999999999999993 0.07232361334218762
-0.7999999999999987 -2.999999999999999 0.0395227088651815
-0.7999999999999987 -2.799999999999999 0.009569973911965235
-0.7999999999999987 -2.5999999999999988 -0.01754499441901647
-0.7999999999999987 -2.3999999999999986 -0.041849971016283405
-0.7999999999999987 -2.1999999999999984 -0.0633900980686497
-0.7999999999999987 -1.9999999999999984 -0.08222786971277318
-0.7999999999999987 -1.7999999999999985 -0.09844310600176054
-0.7999999999999987 -1.5999999999999985 -0.1121329161934356
-0.7999999999999987 -1.3999999999999986 -0.123411651368586
-0.7999999999999987 -1.1999999999999986 -0.1324108464012166
-0.7999999999999987 -0.9999999999999987 -0.13927915131479995
-0.7999999999999987 -0.7999999999999987 -0.14418225207009527
-0.7999999999999987 -0.5999999999999988 -0.147302780842268
-0.7999999999999987 -0.39999999999999875 -0.14884021585660623
-0.7999999999999987 -0.19999999999999873 -0.14901077086403802
-0.7999999999999987 1.27675647831893E-15 -0.1480472743493948
-0.7999999999999987 0.2000000000000013 -0.14619903857693117
-0.7999999999999987 0.4000000000000013 -0.1437317185892919
-0.7999999999999987 0.6000000000000013 -0.1409271612873919
-0.7999999999999987 0.8000000000000014 -0.13808324473006905
-0.7999999999999987 1.0000000000000013 -0.1355137078035078
-0.7999999999999987 1.2000000000000013 -0.13354797042131494
-0.7999999999999987 1.4000000000000012 -0.13253094442672975
-0.7999999999999987 1.6000000000000012 -0.1328228353794465
-0.7999999999999987 1.8000000000000012 -0.13479893541907018
-0.7999999999999987 2.0000000000000013 -0.13884940740799223
-0.7999999999999987 2.2000000000000015 -0.14537906056536087
-0.7999999999999987 2.4000000000000017 -0.15480711781437861
-0.7999999999999987 2.600000000000002 -0.16756697507256746
-0.7999999999999987 2.800000000000002 -0.1841059527256732
-0.7999999999999987 3.000000000000002 -0.20488503953156112
-0.7999999999999987 3.2000000000000024 -0.2303786292114367
-0.7999999999999987 3.4000000000000026 -0.26107424999031537
-0.7999999999999987 3.6000000000000028 -0.2974722873589144
-0.7999999999999987 3.800000000000003 -0.34008570033317653
-0.5999999999999988 -4.0 0.1990394355755143
-0.5999999999999988 -3.8 0.16226192188146538
-0.5999999999999988 -3.5999999999999996 0.1271886274687568
-0.5999999999999988 -3.3999999999999995 0.09394185585860848
-0.5999999999999988 -3.1999999999999993 0.06262673198589042
-0.5999999999999988 -2.999999999999999 0.033331120129171055
-0.5999999999999988 -2.799999999999999 0.006125552182571159
-0.5999999999999988 -2.5999999999999988 -0.01893683361830001
-0.5999999999999988 -2.3999999999999986 -0.04182034341402985
-0.5999999999999988 -2.1999999999999984 -0.0625067677919594
-0.5999999999999988 -1.9999999999999984 -0.08099541112985442
-0.5999999999999988 -1.7999999999999985 -0.09730311014441395
-0.5999999999999988 -1.5999999999999985 -0.11146424158788693
-0.5999999999999988 -1.3999999999999986 -0.12353071904817292
-0.5999999999999988 -1.1999999999999986 -0.13357197881938765
-0.5999999999999988 -0.9999999999999987 -0.1416749548224403
-0.5999999999999988 -0.7999999999999987 -0.14794404256702443
-0.5999999999999988 -0.5999999999999988 -0.15250105215917564
-0.5999999999999988 -0.39999999999999875 -0.15548515037069421
-0.5999999999999988 -0.19999999999999873 -0.1570527917995168
-0.5999999999999988 1.27675647831893E-15 -0.15737763916253655
-0.5999999999999988 0.2000000000000013 -0.15665047277500044
-0.5999999999999988 0.4000000000000013 -0.15507908928321612
-0.5999999999999988 0.6000000000000013 -0.15288818972989127
-0.5999999999999988 0.8000000000000014 -0.15031925704383475
-0.5999999999999988 1.0000000000000013 -0.14763042305837004
-0.5999999999999988 1.2000000000000013 -0.14509632517494353
-0.5999999999999988 1.4000000000000012 -0.1430079528007795
-0.5999999999999988 1.6000000000000012 -0.14167248370156926
-0.5999999999999988 1.8000000000000012 -0.1414131104218157
-0.5999999999999988 2.0000000000000013 -0.1425688569376362
-0.5999999999999988 2.2000000000000015 -0.1454943857176083
-0.5999999999999988 2.4000000000000017 -0.15055979537970998
-0.5999999999999988 2.600000000000002 -0.15815040914172585
-0.5999999999999988 2.800000000000002 -0.16866655427507737
-0.5999999999999988 3.000000000000002 -0.182523332780832
-0.5999999999999988 3.2000000000000024 -0.20015038351782266
-0.5999999999999988 3.4000000000000026 -0.2219916360222811
-0.5999999999999988 3.6000000000000028 -0.24850505626717734
-0.5999999999999988 3.800000000000003 -0.2801623846195511
-0.39999999999999875 -4.0 0.14137325506917753
-0.39999999999999875 -3.8 0.1139074035896297
-0.39999999999999875 -3.5999999999999996 0.08708997933078766
-0.39999999999999875 -3.3999999999999995 0.06110667720157452
-0.39999999999999875 -3.1999999999999993 0.0361263136580217
-0.39999999999999875 -2.999999999999999 0.012300700433400143
-0.39999999999999875 -2.799999999999999 -0.010235471794416645
-0.39999999999999875 -2.5999999999999988 -0.03136473963233001
-0.39999999999999875 -2.3999999999999986 -0.05098696294206345
-0.39999999999999875 -2.1999999999999984 -0.06901941040533477
-0.39999999999999875 -1.9999999999999984 -0.08539683454857472
-0.39999999999999875 -1.7999999999999985 -0.1000715361030573
-0.39999999999999875 -1.5999999999999985 -0.11301341758700967
-0.39999999999999875 -1.3999999999999986 -0.12421002600805808
-0.39999999999999875 -1.1999999999999986 -0.13366658459583824
-0.39999999999999875 -0.9999999999999987 -0.14140601348689819
-0.39999999999999875 -0.7999999999999987 -0.1474689392957691
-0.39999999999999875 -0.5999999999999988 -0.15191369351907724
-0.39999999999999875 -0.39999999999999875 -0.15481629973174993
-0.39999999999999875 -0.19999999999999873 -0.1562704495474163
-0.39999999999999875 1.27675647831893E-15 -0.156387467328031
-0.39999999999999875 0.2000000000000013 -0.15529626364082993
-0.39999999999999875 0.4000000000000013 -0.15314327747385725
-0.39999999999999875 0.6000000000000013 -0.15009240723482442
-0.39999999999999875 0.8000000000000014 -0.14632493057110096
-0.39999999999999875 1.0000000000000013 -0.14203941306228351
-0.39999999999999875 1.2000000000000013 -0.1374516058500319
-0.39999999999999875 1.4000000000000012 -0.13279433228333914
-0.39999999999999875 1.6000000000000012 -0.1283173636705257
-0.39999999999999875 1.8000000000000012 -0.12428728424294277
-0.39999999999999875 2.0000000000000013 -0.12098734544802525
-0.39999999999999875 2.2000000000000015 -0.11871730970253935
-0.39999999999999875 2.4000000000000017 -0.11779328375029507
-0.39999999999999875 2.600000000000002 -0.11854754178013849
-0.39999999999999875 2.800000000000002 -0.12132833847403646
-0.39999999999999875 3.000000000000002 -0.12649971216576716
-0.39999999999999875 3.2000000000000024 -0.13444127830439356
-0.39999999999999875 3.4000000000000026 -0.1455480134268825
-0.39999999999999875 3.6000000000000028 -0.16023002985691903
-0.39999999999999875 3.800000000000003 -0.17891234135723266
-0.19999999999999873 -4.0 0.06628680879450233
-0.19999999999999873 -3.8 0.04974832791833306
-0.19999999999999873 -3.5999999999999996 0.03276962613876133
-0.19999999999999873 -3.3999999999999995 0.015598856923467519
-0.19999999999999873 -3.1999999999999993 -0.0015322124695087425
-0.19999999999999873 -2.999999999999999 -0.018408369996337104
-0.19999999999999873 -2.799999999999999 -0.03483111854072707
-0.19999999999999873 -2.5999999999999988 -0.05061882612070079
-0.19999999999999873 -2.3999999999999986 -0.06560686638140556
-0.19999999999999873 -2.1999999999999984 -0.07964774917587869
-0.19999999999999873 -1.9999999999999984 -0.09261124104531948
-0.19999999999999873 -1.7999999999999985 -0.10438447541947715
-0.19999999999999873 -1.5999999999999985 -0.11487205236855536
-0.19999999999999873 -1.3999999999999986 -0.12399612774835633
-0.19999999999999873 -1.1999999999999986 -0.13169649159142693
-0.19999999999999873 -0.9999999999999987 -0.13793063560826724
-0.19999999999999873 -0.7999999999999987 -0.14267380967414578
-0.19999999999999873 -0.5999999999999988 -0.14591906718944347
-0.19999999999999873 -0.39999999999999875 -0.14767729921321138
-0.19999999999999873 -0.19999999999999873 -0.14797725728278266
-0.19999999999999873 1.27675647831893E-15 -0.14686556484459068
-0.19999999999999873 0.2000000000000013 -0.14440671723489196
-0.19999999999999873 0.4000000000000013 -0.1406830701621402
-0.19999999999999873 0.6000000000000013 -0.13579481665636628
-0.19999999999999873 0.8000000000000014 -0.12985995246474147
-0.19999999999999873 1.0000000000000013 -0.12301422988614874
-0.19999999999999873 1.2000000000000013 -0.11541110005176058
-0.19999999999999873 1.4000000000000012 -0.107221643672613
-0.19999999999999873 1.6000000000000012 -0.09863449028933147
-0.19999999999999873 1.8000000000000012 -0.08985572607353376
-0.19999999999999873 2.0000000000000013 -0.08110879024428641
-0.19999999999999873 2.2000000000000015 -0.07263436017751701
-0.19999999999999873 2.4000000000000017 -0.06469022530061963
-0.19999999999999873 2.600000000000002 -0.05755114987778498
-0.19999999999999873 2.800000000000002 -0.05150872480670543
-0.19999999999999873 3.000000000000002 -0.046871208560169464
-0.19999999999999873 3.2000000000000024 -0.043963357420459204
-0.19999999999999873 3.4000000000000026 -0.04312624516742147
-0.19999999999999873 3.6000000000000028 -0.044717072395044966
-0.19999999999999873 3.800000000000003 -0.049108965643448244
1.27675647831893E-15 -4.0 -0.01689193451466764
1.27675647831893E-15 -3.8 -0.02148611245592047
1.27675647831893E-15 -3.5999999999999996 -0.027632256233719232
1.27675647831893E-15 -3.3999999999999995 -0.03502161126932002
1.27675647831893E-15 -3.1999999999999993 -0.04336113196690139
1.27675647831893E-15 -2.999999999999999 -0.052373690805135986
1.27675647831893E-15 -2.799999999999999 -0.06179827900968071
1.27675647831893E-15 -2.5999999999999988 -0.07139019854727824
1.27675647831893E-15 -2.3999999999999986 -0.08092124518838162
1.27675647831893E-15 -2.1999999999999984 -0.09017988239278907
1.27675647831893E-15 -1.9999999999999984 -0.09897140578057995
1.27675647831893E-15 -1.7999999999999985 -0.10711809795865035
1.27675647831893E-15 -1.5999999999999985 -0.11445937348199298
1.27675647831893E-15 -1.3999999999999986 -0.12085191373824244
1.27675647831893E-15 -1.1999999999999986 -0.1261697915532798
1.27675647831893E-15 -0.9999999999999987 -0.1303045853263063
1.27675647831893E-15 -0.7999999999999987 -0.13316548251292826
1.27675647831893E-15 -0.5999999999999988 -0.13467937228607862
1.27675647831893E-15 -0.39999999999999875 -0.13479092721585673
1.27675647831893E-15 -0.19999999999999873 -0.1334626738213336
1.27675647831893E-15 1.27675647831893E-15 -0.13067505185942885
1.27675647831893E-15 0.2000000000000013 -0.1264264622285829
1.27675647831893E-15 0.4000000000000013 -0.12073330337788946
1.27675647831893E-15 0.6000000000000013 -0.1136299961255336
1.27675647831893E-15 0.8000000000000014 -0.1051689968039291
1.27675647831893E-15 1.0000000000000013 -0.09542079866279352
1.27675647831893E-15 1.2000000000000013 -0.08447392147533783
1.27675647831893E-15 1.4000000000000012 -0.07243488930718911
1.27675647831893E-15 1.6000000000000012 -0.059428196422054214
1.27675647831893E-15 1.8000000000000012 -0.04559626131278449
1.27675647831893E-15 2.0000000000000013 -0.031099368861294607
1.27675647831893E-15 2.2000000000000015 -0.016115600645662198
1.27675647831893E-15 2.4000000000000017 -8.40753428036578E-4
1.27675647831893E-15 2.600000000000002 0.014511754128701426
1.27675647831893E-15 2.800000000000002 0.02971098645166137
1.27675647831893E-15 3.000000000000002 0.04450860767784448
1.27675647831893E-15 3.2000000000000024 0.058639009809454024
1.27675647831893E-15 3.4000000000000026 0.07181945229645237
1.27675647831893E-15 3.6000000000000028 0.0837502129229506
1.27675647831893E-15 3.800000000000003 0.09411474985985535
0.2000000000000013 -4.0 -0.09823812164751367
0.2000000000000013 -3.8 -0.09048603231406105
0.2000000000000013 -3.5999999999999996 -0.08541170302010315
0.2000000000000013 -3.3999999999999995 -0.08264853918269921
0.2000000000000013 -3.1999999999999993 -0.08184480541946648
0.2000000000000013 -2.999999999999999 -0.08266387097384875
0.2000000000000013 -2.799999999999999 -0.08478444779191996
0.2000000000000013 -2.5999999999999988 -0.08790082095563356
0.2000000000000013 -2.3999999999999986 -0.09172307118054857
0.2000000000000013 -2.1999999999999984 -0.09597728909272085
0.2000000000000013 -1.9999999999999984 -0.10040578100420561
0.2000000000000013 -1.7999999999999985 -0.10476726591364738
0.2000000000000013 -1.5999999999999985 -0.10883706346459299
0.2000000000000013 -1.3999999999999986 -0.11240727260235772
0.2000000000000013 -1.1999999999999986 -0.1152869406774526
0.2000000000000013 -0.9999999999999987 -0.11730222275265945
0.2000000000000013 -0.7999999999999987 -0.11829653087945502
0.2000000000000013 -0.5999999999999988 -0.11813067311912384
0.2000000000000013 -0.39999999999999875 -0.11668298209404604
0.2000000000000013 -0.19999999999999873 -0.11384943286490046
0.2000000000000013 1.27675647831893E-15 -0.1095437499408689
0.2000000000000013 0.2000000000000013 -0.10369750324107407
0.2000000000000013 0.4000000000000013 -0.09626019283770759
0.2000000000000013 0.6000000000000013 -0.0871993223234
0.2000000000000013 0.8000000000000014 -0.07650046065842275
0.2000000000000013 1.0000000000000013 -0.06416729236639007
0.2000000000000013 1.2000000000000013 -0.05022165596054329
0.2000000000000013 1.4000000000000012 -0.034703570496931846
0.2000000000000013 1.6000000000000012 -0.01767125016471205
0.2000000000000013 1.8000000000000012 7.988931614271166E-4
0.2000000000000013 2.0000000000000013 0.020612259467061023
0.2000000000000013 2.2000000000000015 0.04165608228737483
0.2000000000000013 2.4000000000000017 0.06379946256957325
0.2000000000000013 2.600000000000002 0.08689341472377521
0.2000000000000013 2.800000000000002 0.11077092486014806
0.2000000000000013 3.000000000000002 0.1352470211965766
0.2000000000000013 3.2000000000000024 0.16011885660330094
0.2000000000000013 3.4000000000000026 0.1851658032369059
0.2000000000000013 3.6000000000000028 0.2101495591985305
0.2000000000000013 3.800000000000003 0.23481426713671993
0.4000000000000013 -4.0 -0.16828442503349095
0.4000000000000013 -3.8 -0.1483610646025202
0.4000000000000013 -3.5999999999999996 -0.1322465292446786
0.4000000000000013 -3.3999999999999995 -0.11952001901323861
0.4000000000000013 -3.1999999999999993 -0.10977458852553745
0.4000000000000013 -2.999999999999999 -0.10261742398662932
0.4000000000000013 -2.799999999999999 -0.09767011409661919
0.4000000000000013 -2.5999999999999988 -0.09456891451888438
0.4000000000000013 -2.3999999999999986 -0.09296500558873255
0.4000000000000013 -2.1999999999999984 -0.09252474294537727
0.4000000000000013 -1.9999999999999984 -0.092929900773151
0.4000000000000013 -1.7999999999999985 -0.09387790734241896
0.4000000000000013 -1.5999999999999985 -0.09508207254469703
0.4000000000000013 -1.3999999999999986 -0.09627180712263161
0.4000000000000013 -1.1999999999999986 -0.0971928333003449
0.4000000000000013 -0.9999999999999987 -0.09760738652695622
0.4000000000000013 -0.7999999999999987 -0.0972944080524325
0.4000000000000013 -0.5999999999999988 -0.09604972806298573
0.4000000000000013 -0.39999999999999875 -0.09368623911113794
0.4000000000000013 -0.19999999999999873 -0.09003405958445398
0.4000000000000013 1.27675647831893E-15 -0.08494068696627011
0.4000000000000013 0.2000000000000013 -0.07827114065153218
0.4000000000000013 0.4000000000000013 -0.06990809409148468
0.4000000000000013 0.6000000000000013 -0.05975199605163084
0.4000000000000013 0.8000000000000014 -0.04772118077924148
0.4000000000000013 1.0000000000000013 -0.03375196688834414
0.4000000000000013 1.2000000000000013 -0.017798744782840714
0.4000000000000013 1.4000000000000012 1.6594754872834017E-4
0.4000000000000013 1.6000000000000012 0.02015136051986488
0.4000000000000013 1.8000000000000012 0.04214848085339895
0.4000000000000013 2.0000000000000013 0.066129991534428
0.4000000000000013 2.2000000000000015 0.09205024391941663
0.4000000000000013 2.4000000000000017 0.1198452420965026
0.4000000000000013 2.600000000000002 0.14943263957782094
0.4000000000000013 2.800000000000002 0.1807117483876013
0.4000000000000013 3.000000000000002 0.21356356059570913
0.4000000000000013 3.2000000000000024 0.24785078232849145
0.4000000000000013 3.4000000000000026 0.2834178802741327
0.4000000000000013 3.6000000000000028 0.32009114068212696
0.4000000000000013 3.800000000000003 0.35767874084058704
0.6000000000000013 -4.0 -0.21904892053030878
0.6000000000000013 -3.8 -0.18762026757276473
0.6000000000000013 -3.5999999999999996 -0.1611277641262987
0.6000000000000013 -3.3999999999999995 -0.13910086933276666
0.6000000000000013 -3.1999999999999993 -0.12108176021709482
0.6000000000000013 -2.999999999999999 -0.10662563476513931
0.6000000000000013 -2.799999999999999 -0.09530101023131365
0.6000000000000013 -2.5999999999999988 -0.08669001633731988
0.6000000000000013 -2.3999999999999986 -0.08038868302243962
0.6000000000000013 -2.1999999999999984 -0.07600722240710489
0.6000000000000013 -1.9999999999999984 -0.07317030463199181
0.6000000000000013 -1.7999999999999985 -0.07151732723697535
0.6000000000000013 -1.5999999999999985 -0.07070267774630956
0.6000000000000013 -1.3999999999999986 -0.07039598912950229
0.6000000000000013 -1.1999999999999986 -0.07028238781056739
0.6000000000000013 -0.9999999999999987 -0.07006273390272
0.6000000000000013 -0.7999999999999987 -0.06945385335009124
0.6000000000000013 -0.5999999999999988 -0.06818876166348442
0.6000000000000013 -0.39999999999999875 -0.06601687894314257
0.6000000000000013 -0.19999999999999873 -0.0627042358881198
0.6000000000000013 1.27675647831893E-15 -0.05803367049909891
0.6000000000000013 0.2000000000000013 -0.051805015189255954
0.6000000000000013 0.4000000000000013 -0.04383527402642429
0.6000000000000013 0.6000000000000013 -0.033958789838730574
0.6000000000000013 0.8000000000000014 -0.022027400925693996
0.6000000000000013 1.0000000000000013 -0.007910587127115676
0.6000000000000013 1.2000000000000013 0.008504394987275177
0.6000000000000013 1.4000000000000012 0.027312388032576962
0.6000000000000013 1.6000000000000012 0.04859022104151123
0.6000000000000013 1.8000000000000012 0.07239660821580607
0.6000000000000013 2.0000000000000013 0.09877205938420452
0.6000000000000013 2.2000000000000015 0.127738802341133
0.6000000000000013 2.4000000000000017 0.15930071722613803
0.6000000000000013 2.600000000000002 0.19344328308989844
0.6000000000000013 2.800000000000002 0.23013353677745485
0.6000000000000013 3.000000000000002 0.26932004424413947
0.6000000000000013 3.2000000000000024 0.310932884403865
0.6000000000000013 3.4000000000000026 0.35488364559369145
0.6000000000000013 3.6000000000000028 0.4010654347219571
0.6000000000000013 3.800000000000003 0.4493528991510978
0.8000000000000014 -4.0 -0.24500442220794483
0.8000000000000014 -3.8 -0.20310070916500678
0.8000000000000014 -3.5999999999999996 -0.16724694858771016
0.8000000000000014 -3.3999999999999995 -0.1369280910889934
0.8000000000000014 -3.1999999999999993 -0.11164056399437428
0.8000000000000014 -2.999999999999999 -0.09089259433862118
0.8000000000000014 -2.799999999999999 -0.07420452850109172
0.8000000000000014 -2.5999999999999988 -0.06110914813512913
0.8000000000000014 -2.3999999999999986 -0.05115198204430094
0.8000000000000014 -2.1999999999999984 -0.043891613656581896
0.8000000000000014 -1.9999999999999984 -0.03889998374616965
0.8000000000000014 -1.7999999999999985 -0.03576268805194971
0.8000000000000014 -1.5999999999999985 -0.03407926944139561
0.8000000000000014 -1.3999999999999986 -0.03346350426908096
0.8000000000000014 -1.1999999999999986 -0.033543682580159384
0.8000000000000014 -0.9999999999999987 -0.03396288181045026
0.8000000000000014 -0.7999999999999987 -0.034379233637477746
0.8000000000000014 -0.5999999999999988 -0.03446618363919729
0.8000000000000014 -0.39999999999999875 -0.033912743421119274
0.8000000000000014 -0.19999999999999873 -0.032423734876450006
0.8000000000000014 1.27675647831893E-15 -0.029720026248810427
0.8000000000000014 0.2000000000000013 -0.02553875967261554
0.8000000000000014 0.4000000000000013 -0.019633569872364198
0.8000000000000014 0.6000000000000013 -0.01177479370893586
0.8000000000000014 0.8000000000000014 -0.0017496702684747234
0.8000000000000014 1.0000000000000013 0.010637468802271677
0.8000000000000014 1.2000000000000013 0.025565019001630773
0.8000000000000014 1.4000000000000012 0.04319393299753749
0.8000000000000014 1.6000000000000012 0.06366756123869344
0.8000000000000014 1.8000000000000012 0.08711150340936769
0.8000000000000014 2.0000000000000013 0.11363347097338838
0.8000000000000014 2.2000000000000015 0.14332316104128218
0.8000000000000014 2.4000000000000017 0.17625214178105075
0.8000000000000014 2.600000000000002 0.21247374958141663
0.8000000000000014 2.800000000000002 0.25202299816093543
0.8000000000000014 3.000000000000002 0.2949164998038931
0.8000000000000014 3.2000000000000024 0.3411523988877434
0.8000000000000014 3.4000000000000026 0.3907103178529958
0.8000000000000014 3.6000000000000028 0.443551315749815
0.8000000000000014 3.800000000000003 0.4996178594802778
1.0000000000000013 -4.0 -0.24393934942874296
1.0000000000000013 -3.8 -0.19279658563535307
1.0000000000000013 -3.5999999999999996 -0.14879295499287437
1.0000000000000013 -3.3999999999999995 -0.11137481540744432
1.0000000000000013 -3.1999999999999993 -0.07999868751801031
1.0000000000000013 -2.999999999999999 -0.054131591145331726
1.0000000000000013 -2.799999999999999 -0.033251379795579794
1.0000000000000013 -2.5999999999999988 -0.0168470728781287
1.0000000000000013 -2.3999999999999986 -0.004419185293425443
1.0000000000000013 -2.1999999999999984 0.00451994595773364
1.0000000000000013 -1.9999999999999984 0.010445838495416027
1.0000000000000013 -1.7999999999999985 0.013821544967367316
1.0000000000000013 -1.5999999999999985 0.015097337499474506
1.0000000000000013 -1.3999999999999986 0.014710396549174831
1.0000000000000013 -1.1999999999999986 0.01308450452329879
1.0000000000000013 -0.9999999999999987 0.01062974452219656
1.0000000000000013 -0.7999999999999987 0.007742204572581457
1.0000000000000013 -0.5999999999999988 0.004803687710859705
1.0000000000000013 -0.39999999999999875 0.0021814282780585614
1.0000000000000013 -0.19999999999999873 2.2781478548861145E-4
1.0000000000000013 1.27675647831893E-15 -7.198802918697567E-4
1.0000000000000013 0.2000000000000013 -3.397634401789418E-4
1.0000000000000013 0.4000000000000013 0.0016744246004227747
1.0000000000000013 0.6000000000000013 0.005613061521054341
1.0000000000000013 0.8000000000000014 0.011750404448188867
1.0000000000000013 1.0000000000000013 0.020344359601851103
1.0000000000000013 1.2000000000000013 0.031636260936511285
1.0000000000000013 1.4000000000000012 0.04585065808638955
1.0000000000000013 1.6000000000000012 0.06319511392862154
1.0000000000000013 1.8000000000000012 0.08386001206962845
1.0000000000000013 2.0000000000000013 0.10801837455044705
1.0000000000000013 2.2000000000000015 0.13582569005717282
1.0000000000000013 2.4000000000000017 0.16741975291152222
1.0000000000000013 2.600000000000002 0.20292051310626746
1.0000000000000013 2.800000000000002 0.2424299376371266
1.0000000000000013 3.000000000000002 0.2860318833713933
1.0000000000000013 3.2000000000000024 0.3337919816795214
1.0000000000000013 3.4000000000000026 0.3857575350429112
1.0000000000000013 3.6000000000000028 0.4419574258363248
1.0000000000000013 3.800000000000003 0.502402037468876
1.2000000000000013 -4.0 -0.2176319281403032
1.2000000000000013 -3.8 -0.15851361339383274
1.2000000000000013 -3.5999999999999996 -0.10758603027422708
1.2000000000000013 -3.3999999999999995 -0.0642634321151192
1.2000000000000013 -3.1999999999999993 -0.02796888307146972
1.2000000000000013 -2.999999999999999 0.0018653984864585027
1.2000000000000013 -2.799999999999999 0.025797697157930344
1.2000000000000013 -2.5999999999999988 0.04437645860040362
1.2000000000000013 -2.3999999999999986 0.05813994885425444
1.2000000000000013 -2.1999999999999984 0.06761591524123567
1.2000000000000013 -1.9999999999999984 0.07332124918035987
1.2000000000000013 -1.7999999999999985 0.07576165126974388
1.2000000000000013 -1.5999999999999985 0.07543129898817114
1.2000000000000013 -1.3999999999999986 0.07281251737380501
1.2000000000000013 -1.1999999999999986 0.0683754530418259
1.2000000000000013 -0.9999999999999987 0.06257775190543313
1.2000000000000013 -0.7999999999999987 0.05586424096772191
1.2000000000000013 -0.5999999999999988 0.04866661455371535
1.2000000000000013 -0.39999999999999875 0.04140312535362867
1.2000000000000013 -0.19999999999999873 0.03447828064894143
1.2000000000000013 1.27675647831893E-15 0.02828254409335429
1.2000000000000013 0.2000000000000013 0.0231920434201891
1.2000000000000013 0.4000000000000013 0.019568284446671136
1.2000000000000013 0.6000000000000013 0.017757871743774523
1.2000000000000013 0.8000000000000014 0.018092236337854395
1.2000000000000013 1.0000000000000013 0.02088737080706604
1.2000000000000013 1.2000000000000013 0.026443572131736204
1.2000000000000013 1.4000000000000012 0.03504519265323225
1.2000000000000013 1.6000000000000012 0.046960399490425075
1.2000000000000013 1.8000000000000012 0.06244094275693168
1.2000000000000013 2.0000000000000013 0.08172193291541507
1.2000000000000013 2.2000000000000015 0.1050216275978153
1.2000000000000013 2.4000000000000017 0.13254122821170533
1.2000000000000013 2.600000000000002 0.1644646866449193
1.2000000000000013 2.800000000000002 0.20095852236956446
1.2000000000000013 3.000000000000002 0.24217165023758902
1.2000000000000013 3.2000000000000024 0.2882352192476372
1.2000000000000013 3.4000000000000026 0.3392624625523819
1.2000000000000013 3.6000000000000028 0.3953485589620609
1.2000000000000013 3.800000000000003 0.4565705061877612
1.4000000000000012 -4.0 -0.17222356120861093
1.4000000000000012 -3.8 -0.10623879208185727
1.4000000000000012 -3.5999999999999996 -0.04944346358032092
1.4000000000000012 -3.3999999999999995 -0.001226644033405222
1.4000000000000012 -3.1999999999999993 0.0390151404491732
1.4000000000000012 -2.999999999999999 0.07187756188456618
1.4000000000000012 -2.799999999999999 0.097948145634426
1.4000000000000012 -2.5999999999999988 0.11780592523630062
1.4000000000000012 -2.3999999999999986 0.1320210971598499
1.4000000000000012 -2.1999999999999984 0.14115467580641194
1.4000000000000012 -1.9999999999999984 0.14575814907798978
1.4000000000000012 -1.7999999999999985 0.14637313484874603
1.4000000000000012 -1.5999999999999985 0.14353103867846784
1.4000000000000012 -1.3999999999999986 0.13775271311411252
1.4000000000000012 -1.1999999999999986 0.1295481189306642
1.4000000000000012 -0.9999999999999987 0.11941598866846981
1.4000000000000012 -0.7999999999999987 0.10784349282856631
1.4000000000000012 -0.5999999999999988 0.09530590909208492
1.4000000000000012 -0.39999999999999875 0.08226629493351112
1.4000000000000012 -0.19999999999999873 0.06917516400063128
1.4000000000000012 1.27675647831893E-15 0.056470166636826136
1.4000000000000012 0.2000000000000013 0.04457577492331577
1.4000000000000012 0.4000000000000013 0.033902972620188265
1.4000000000000012 0.6000000000000013 0.02484895038599433
1.4000000000000012 0.8000000000000014 0.01779680665565042
1.4000000000000012 1.0000000000000013 0.013115254555721378
1.4000000000000012 1.2000000000000013 0.011158335235002426
1.4000000000000012 1.4000000000000012 0.012265137986117836
1.4000000000000012 1.6000000000000012 0.016759527531257312
1.4000000000000012 1.8000000000000012 0.024949878841551865
1.4000000000000012 2.0000000000000013 0.0371288198555213
1.4000000000000012 2.2000000000000015 0.053572982456998375
1.4000000000000012 2.4000000000000017 0.07454276206697052
1.4000000000000012 2.600000000000002 0.10028208619801315
1.4000000000000012 2.800000000000002 0.13101819231168932
1.4000000000000012 3.000000000000002 0.16696141531250497
1.4000000000000012 3.2000000000000024 0.20830498500216166
1.4000000000000012 3.4000000000000026 0.25522483380944117
1.4000000000000012 3.6000000000000028 0.3078794150999702
1.4000000000000012 3.800000000000003 0.3664095323597696
1.6000000000000012 -4.0 -0.11813984836492608
1.6000000000000012 -3.8 -0.04607944828063637
1.6000000000000012 -3.5999999999999996 0.015863719537815513
1.6000000000000012 -3.3999999999999995 0.06831859278976538
1.6000000000000012 -3.1999999999999993 0.11190796847092699
1.6000000000000012 -2.999999999999999 0.1472481637675962
1.6000000000000012 -2.799999999999999 0.17494867513536505
1.6000000000000012 -2.5999999999999988 0.19561183583753206
1.6000000000000012 -2.3999999999999986 0.20983247222667956
1.6000000000000012 -2.1999999999999984 0.21819755906275518
1.6000000000000012 -1.9999999999999984 0.22128587416838386
1.6000000000000012 -1.7999999999999985 0.21966765273185374
1.6000000000000012 -1.5999999999999985 0.2139042415754595
1.6000000000000012 -1.3999999999999986 0.20454775371469047
1.6000000000000012 -1.1999999999999986 0.19214072354170142
1.6000000000000012 -0.9999999999999987 0.17721576297292074
1.6000000000000012 -0.7999999999999987 0.1602952189076472
1.6000000000000012 -0.5999999999999988 0.1418908323505672
1.6000000000000012 -0.39999999999999875 0.12250339955689604
1.6000000000000012 -0.19999999999999873 0.1026224355639549
1.6000000000000012 1.27675647831893E-15 0.08272584047792364
1.6000000000000012 0.2000000000000013 0.06327956888858566
1.6000000000000012 0.4000000000000013 0.04473730278842325
1.6000000000000012 0.6000000000000013 0.027540128375650674
1.6000000000000012 0.8000000000000014 0.01211621712299138
1.6000000000000012 1.0000000000000013 -0.0011194885040555214
1.6000000000000012 1.2000000000000013 -0.01176558429474106
1.6000000000000012 1.4000000000000012 -0.019434508120973693
1.6000000000000012 1.6000000000000012 -0.02375283796072436
1.6000000000000012 1.8000000000000012 -0.024361583732784187
1.6000000000000012 2.0000000000000013 -0.020916472560448263
1.6000000000000012 2.2000000000000015 -0.013088227083974502
1.6000000000000012 2.4000000000000017 -5.628364453325041E-4
1.6000000000000012 2.600000000000002 0.01695818042839692
1.6000000000000012 2.800000000000002 0.03975751961056906
1.6000000000000012 3.000000000000002 0.06810184539304087
1.6000000000000012 3.2000000000000024 0.10224155229287213
1.6000000000000012 3.4000000000000026 0.14241053619798993
1.6000000000000012 3.6000000000000028 0.18882597499339404
1.6000000000000012 3.800000000000003 0.24168811900163956
1.8000000000000012 -4.0 -0.06938141958202948
1.8000000000000012 -3.8 0.008400391038918542
1.8000000000000012 -3.5999999999999996 0.07522900934460353
1.8000000000000012 -3.3999999999999995 0.1317441423965775
1.8000000000000012 -3.1999999999999993 0.1785806022304186
1.8000000000000012 -2.999999999999999 0.21636797659828488
1.8000000000000012 -2.799999999999999 0.24573029694397164
1.8000000000000012 -2.5999999999999988 0.267285703852977
1.8000000000000012 -2.3999999999999986 0.2816461102311578
1.8000000000000012 -2.1999999999999984 0.2894168624736402
1.8000000000000012 -1.9999999999999984 0.29119639989686164
1.8000000000000012 -1.7999999999999985 0.2875759127144839
1.8000000000000012 -1.5999999999999985 0.2791389988483246
1.8000000000000012 -1.3999999999999986 0.2664613198732564
1.8000000000000012 -1.1999999999999986 0.2501102564046178
1.8000000000000012 -0.9999999999999987 0.23064456324439497
1.8000000000000012 -0.7999999999999987 0.20861402461071243
1.8000000000000012 -0.5999999999999988 0.18455910978293666
1.8000000000000012 -0.39999999999999875 0.15901062950183054
1.8000000000000012 -0.19999999999999873 0.13248939347115485
1.8000000000000012 1.27675647831893E-15 0.10550586931366723
1.8000000000000012 0.2000000000000013 0.07855984334037558
1.8000000000000012 0.4000000000000013 0.052140083497449474
1.8000000000000012 0.6000000000000013 0.026724004860212425
1.8000000000000012 0.8000000000000014 0.0027773380480811127
1.8000000000000012 1.0000000000000013 -0.019246199061811797
1.8000000000000012 1.2000000000000013 -0.038905225941225474
1.8000000000000012 1.4000000000000012 -0.05577101995391365
1.8000000000000012 1.6000000000000012 -0.06942783244942885
1.8000000000000012 1.8000000000000012 -0.0794732000205276
1.8000000000000012 2.0000000000000013 -0.08551825053613848
1.8000000000000012 2.2000000000000015 -0.08718800356208578
1.8000000000000012 2.4000000000000017 -0.08412166478248206
1.8000000000000012 2.600000000000002 -0.07597291403565465
1.8000000000000012 2.800000000000002 -0.06241018658144615
1.8000000000000012 3.000000000000002 -0.0431169472187547
1.8000000000000012 3.2000000000000024 -0.017791956876719084
1.8000000000000012 3.4000000000000026 0.013850468693435536
1.8000000000000012 3.6000000000000028 0.05208020849304473
1.8000000000000012 3.800000000000003 0.09715109447849501
2.0000000000000013 -4.0 -0.04201170392249054
2.0000000000000013 -3.8 0.04161433396691905
2.0000000000000013 -3.5999999999999996 0.11356669290086785
2.0000000000000013 -3.3999999999999995 0.1744887806635802
2.0000000000000013 -3.1999999999999993 0.22502025268359205
2.0000000000000013 -2.999999999999999 0.26579669645548165
2.0000000000000013 -2.799999999999999 0.2974493124333897
2.0000000000000013 -2.5999999999999988 0.3206045916063722
2.0000000000000013 -2.3999999999999986 0.33588398997600777
2.0000000000000013 -2.1999999999999984 0.3439036001662039
2.0000000000000013 -1.9999999999999984 0.345273820405847
2.0000000000000013 -1.7999999999999985 0.34059902113430596
2.0000000000000013 -1.5999999999999985 0.33047720948998816
2.0000000000000013 -1.3999999999999986 0.3154996919516293
2.0000000000000013 -1.1999999999999986 0.296250735411304
2.0000000000000013 -0.9999999999999987 0.2733072269677521
2.0000000000000013 -0.7999999999999987 0.2472383327372416
2.0000000000000013 -0.5999999999999988 0.21860515598826602
2.0000000000000013 -0.39999999999999875 0.18796039491460625
2.0000000000000013 -0.19999999999999873 0.1558480003695939
2.0000000000000013 1.27675647831893E-15 0.12280283389200886
2.0000000000000013 0.2000000000000013 0.08935032636171947
2.0000000000000013 0.4000000000000013 0.056006137629841746
2.0000000000000013 0.6000000000000013 0.02327581747510621
2.0000000000000013 0.8000000000000014 -0.00834553175604169
2.0000000000000013 1.0000000000000013 -0.03837359046233013
2.0000000000000013 1.2000000000000013 -0.06633515468522644
2.0000000000000013 1.4000000000000012 -0.09176846621822476
2.0000000000000013 1.6000000000000012 -0.11422353955104725
2.0000000000000013 1.8000000000000012 -0.1332624852685028
2.0000000000000013 2.0000000000000013 -0.1484598295209084
2.0000000000000013 2.2000000000000015 -0.1594028291808544
2.0000000000000013 2.4000000000000017 -0.16569178229989678
2.0000000000000013 2.600000000000002 -0.1669403334772972
2.0000000000000013 2.800000000000002 -0.16277577375376207
2.0000000000000013 3.000000000000002 -0.15283933464275146
2.0000000000000013 3.2000000000000024 -0.13678647591420545
2.0000000000000013 3.4000000000000026 -0.1142871667466725
2.0000000000000013 3.6000000000000028 -0.08502615986754647
2.0000000000000013 3.800000000000003 -0.048703258304156005
2.2000000000000015 -4.0 -0.05173164907053973
2.2000000000000015 -3.8 0.0382672897528451
2.2000000000000015 -3.5999999999999996 0.11601330110151764
2.2000000000000015 -3.3999999999999995 0.182146831474725
2.2000000000000015 -3.1999999999999993 0.23730558908067678
2.2000000000000015 -2.999999999999999 0.28212424461585073
2.2000000000000015 -2.799999999999999 0.3172341279514228
2.2000000000000015 -2.5999999999999988 0.3432629209053495
2.2000000000000015 -2.3999999999999986 0.36083434628781674
2.2000000000000015 -2.1999999999999984 0.3705678534188195
2.2000000000000015 -1.9999999999999984 0.3730783003263056
2.2000000000000015 -1.7999999999999985 0.3689756328432523
2.2000000000000015 -1.5999999999999985 0.3588645608331511
2.2000000000000015 -1.3999999999999986 0.34334423178174234
2.2000000000000015 -1.1999999999999986 0.3230079020042744
2.2000000000000015 -0.9999999999999987 0.2984426057261853
2.2000000000000015 -0.7999999999999987 0.27022882230540013
2.2000000000000015 -0.5999999999999988 0.23894014187346002
2.2000000000000015 -0.39999999999999875 0.2051429296819336
2.2000000000000015 -0.19999999999999873 0.1693959894497823
2.2000000000000015 1.27675647831893E-15 0.13225022601557335
2.2000000000000015 0.2000000000000013 0.0942483076072218
2.2000000000000015 0.4000000000000013 0.0559243280498114
2.2000000000000015 0.6000000000000013 0.017803469239716208
2.2000000000000015 0.8000000000000014 -0.0195983357793148
2.2000000000000015 1.0000000000000013 -0.05577473879563888
2.2000000000000015 1.2000000000000013 -0.0902293111158261
2.2000000000000015 1.4000000000000012 -0.12247587660231896
2.2000000000000015 1.6000000000000012 -0.15203884270227044
2.2000000000000015 1.8000000000000012 -0.17845352910205736
2.2000000000000015 2.0000000000000013 -0.20126649363749727
2.2000000000000015 2.2000000000000015 -0.22003585508598422
2.2000000000000015 2.4000000000000017 -0.2343316124636794
2.2000000000000015 2.600000000000002 -0.24373596044751622
2.2000000000000015 2.800000000000002 -0.24784360054089039
2.2000000000000015 3.000000000000002 -0.2462620475993056
2.2000000000000015 3.2000000000000024 -0.23861193133262226
2.2000000000000015 3.4000000000000026 -0.22452729239961888
2.2000000000000015 3.6000000000000028 -0.203655872712166
2.2000000000000015 3.800000000000003 -0.17565939956694976
2.4000000000000017 -4.0 -0.11057758950632035
2.4000000000000017 -3.8 -0.013482477045393182
2.4000000000000017 -3.5999999999999996 0.07094844697856928
2.4000000000000017 -3.3999999999999995 0.14334664696322363
2.4000000000000017 -3.1999999999999993 0.20434171680154378
2.4000000000000017 -2.999999999999999 0.25456109852536457
2.4000000000000017 -2.799999999999999 0.2946297964781124
2.4000000000000017 -2.5999999999999988 0.3251700871662955
2.4000000000000017 -2.3999999999999986 0.34680122494799903
2.4000000000000017 -2.1999999999999984 0.3601391437271495
2.4000000000000017 -1.9999999999999984 0.36579615483240246
2.4000000000000017 -1.7999999999999985 0.3643806412692143
2.4000000000000017 -1.5999999999999985 0.3564967485438544
2.4000000000000017 -1.3999999999999986 0.34274407226812187
2.4000000000000017 -1.1999999999999986 0.32371734276355113
2.4000000000000017 -0.9999999999999987 0.3000061068934965
2.4000000000000017 -0.7999999999999987 0.2721944073617095
2.4000000000000017 -0.5999999999999988 0.2408604597253987
2.4000000000000017 -0.39999999999999875 0.206576327380386
2.4000000000000017 -0.19999999999999873 0.16990759478537676
2.4000000000000017 1.27675647831893E-15 0.1314130392014876
2.4000000000000017 0.2000000000000013 0.0916443012321686
2.4000000000000017 0.4000000000000013 0.05114555445727653
2.4000000000000017 0.6000000000000013 0.010453174463600945
2.4000000000000017 0.8000000000000014 -0.029904592417910436
2.4000000000000017 1.0000000000000013 -0.06940796035007124
2.4000000000000017 1.2000000000000013 -0.10754593487701569
2.4000000000000017 1.4000000000000012 -0.1438166431288607
2.4000000000000017 1.6000000000000012 -0.17772766300433274
2.4000000000000017 1.8000000000000012 -0.20879635098607596
2.4000000000000017 2.0000000000000013 -0.23655016823766628
2.4000000000000017 2.2000000000000015 -0.2605270046260726
2.4000000000000017 2.4000000000000017 -0.2802755003089503
2.4000000000000017 2.600000000000002 -0.29535536452146527
2.4000000000000017 2.800000000000002 -0.30533769119458665
2.4000000000000017 3.000000000000002 -0.30980527103292843
2.4000000000000017 3.2000000000000024 -0.30835289967883384
2.4000000000000017 3.4000000000000026 -0.30058768158669036
2.4000000000000017 3.6000000000000028 -0.28612932923144285
2.4000000000000017 3.800000000000003 -0.2646104572738528
2.600000000000002 -4.0 -0.2230155832711418
2.600000000000002 -3.8 -0.11827134687032981
2.600000000000002 -3.5999999999999996 -0.02640851206243866
2.600000000000002 -3.3999999999999995 0.053190232780693236
2.600000000000002 -3.1999999999999993 0.12114104185214103
2.600000000000002 -2.999999999999999 0.1780586488379754
2.600000000000002 -2.799999999999999 0.2245560991639053
2.600000000000002 -2.5999999999999988 0.2612444776842118
2.600000000000002 -2.3999999999999986 0.28873263194611454
2.600000000000002 -2.1999999999999984 0.30762689117158715
2.600000000000002 -1.9999999999999984 0.3185307811092031
2.600000000000002 -1.7999999999999985 0.3220447349178457
2.600000000000002 -1.5999999999999985 0.31876580025370416
2.600000000000002 -1.3999999999999986 0.30928734274232283
2.600000000000002 -1.1999999999999986 0.29419874602664464
2.600000000000002 -0.9999999999999987 0.2740851085922724
2.600000000000002 -0.7999999999999987 0.2495269375805087
2.600000000000002 -0.5999999999999988 0.2210998398097317
2.600000000000002 -0.39999999999999875 0.18937421023492007
2.600000000000002 -0.19999999999999873 0.15491491808496605
2.600000000000002 1.27675647831893E-15 0.11828099092635824
2.600000000000002 0.2000000000000013 0.08002529691135507
2.600000000000002 0.4000000000000013 0.040694225477411194
2.600000000000002 0.6000000000000013 8.273667737022095E-4
2.600000000000002 0.8000000000000014 -0.03904280990117748
2.600000000000002 1.0000000000000013 -0.07839127835780557
2.600000000000002 1.2000000000000013 -0.11670077817042718
2.600000000000002 1.4000000000000012 -0.1534621374192533
2.600000000000002 1.6000000000000012 -0.18817459520528934
2.600000000000002 1.8000000000000012 -0.22034612361542072
2.600000000000002 2.0000000000000013 -0.24949374880893815
2.600000000000002 2.2000000000000015 -0.2751438708907443
2.600000000000002 2.4000000000000017 -0.29683258223083264
2.600000000000002 2.600000000000002 -0.3141059838841187
2.600000000000002 2.800000000000002 -0.3265204997609734
2.600000000000002 3.000000000000002 -0.33364318819335903
2.600000000000002 3.2000000000000024 -0.3350520505393666
2.600000000000002 3.4000000000000026 -0.3303363364646348
2.600000000000002 3.6000000000000028 -0.31909684553781403
2.600000000000002 3.800000000000003 -0.3009462247746191
2.800000000000002 -4.0 -0.3820011677545381
2.800000000000002 -3.8 -0.2697315945763279
2.800000000000002 -3.5999999999999996 -0.1703432974580963
2.800000000000002 -3.3999999999999995 -0.0832372776571404
2.800000000000002 -3.1999999999999993 -0.007815134329959506
2.800000000000002 -2.999999999999999 0.0565206901930182
2.800000000000002 -2.799999999999999 0.11036666038050669
2.800000000000002 -2.5999999999999988 0.15431789282328268
2.800000000000002 -2.3999999999999986 0.1889678970193387
2.800000000000002 -2.1999999999999984 0.21490831174120473
2.800000000000002 -1.9999999999999984 0.23272863711580527
2.800000000000002 -1.7999999999999985 0.24301596255562075
2.800000000000002 -1.5999999999999985 0.24635469068989124
2.800000000000002 -1.3999999999999986 0.24332625745366698
2.800000000000002 -1.1999999999999986 0.23450884850191756
2.800000000000002 -0.9999999999999987 0.2204771121256588
2.800000000000002 -0.7999999999999987 0.2018018688562524
2.800000000000002 -0.5999999999999988 0.17904981795352626
2.800000000000002 -0.39999999999999875 0.15278324098290952
2.800000000000002 -0.19999999999999873 0.12355970269581107
2.800000000000002 1.27675647831893E-15 0.0919317494369567
2.800000000000002 0.2000000000000013 0.058446605311447186
2.800000000000002 0.4000000000000013 0.023645866353108502
2.800000000000002 0.6000000000000013 -0.011934807055183239
2.800000000000002 0.8000000000000014 -0.047765999250175994
2.800000000000002 1.0000000000000013 -0.08332484957828334
2.800000000000002 1.2000000000000013 -0.11809536363133716
2.800000000000002 1.4000000000000012 -0.15156872514431918
2.800000000000002 1.6000000000000012 -0.1832436082639064
2.800000000000002 1.8000000000000012 -0.21262648988926802
2.800000000000002 2.0000000000000013 -0.2392319617795602
2.800000000000002 2.2000000000000015 -0.2625830421159998
2.800000000000002 2.4000000000000017 -0.2822114862004508
2.800000000000002 2.600000000000002 -0.29765809596598913
2.800000000000002 2.800000000000002 -0.30847302797062603
2.800000000000002 3.000000000000002 -0.3142160995392951
2.800000000000002 3.2000000000000024 -0.3144570927160597
2.800000000000002 3.4000000000000026 -0.3087760556834471
2.800000000000002 3.6000000000000028 -0.29676360130340207
2.800000000000002 3.800000000000003 -0.2780212024311144
3.000000000000002 -4.0 -0.5658390559041777
3.000000000000002 -3.8 -0.4474462660262617
3.000000000000002 -3.5999999999999996 -0.3416989790296796
3.000000000000002 -3.3999999999999995 -0.24801956622801669
3.000000000000002 -3.1999999999999993 -0.1658305807379321
3.000000000000002 -2.999999999999999 -0.09455498611153246
3.000000000000002 -2.799999999999999 -0.0336163896832673
3.000000000000002 -2.5999999999999988 0.017560719454753126
3.000000000000002 -2.3999999999999986 0.059550727944071014
3.000000000000002 -2.1999999999999984 0.09292665122117683
3.000000000000002 -1.9999999999999984 0.11825988226037154
3.000000000000002 -1.7999999999999985 0.13611993611945294
3.000000000000002 -1.5999999999999985 0.14707419041756253
3.000000000000002 -1.3999999999999986 0.15168762188364937
3.000000000000002 -1.1999999999999986 0.15052253912342906
3.000000000000002 -0.9999999999999987 0.1441383117609849
3.000000000000002 -0.7999999999999987 0.13309109612095682
3.000000000000002 -0.5999999999999988 0.11793355762584845
3.000000000000002 -0.39999999999999875 0.0992145900922452
3.000000000000002 -0.19999999999999873 0.0774790321185641
3.000000000000002 1.27675647831893E-15 0.0532673807661892
3.000000000000002 0.2000000000000013 0.027115502744401
3.000000000000002 0.4000000000000013 -4.4565668154827875E-4
3.000000000000002 0.6000000000000013 -0.02889036683120816
3.000000000000002 0.8000000000000014 -0.05769840656214975
3.000000000000002 1.0000000000000013 -0.08635536079080675
3.000000000000002 1.2000000000000013 -0.11435291832809535
3.000000000000002 1.4000000000000012 -0.14118917076891568
3.000000000000002 1.6000000000000012 -0.16636891216708882
3.000000000000002 1.8000000000000012 -0.1894039392199094
3.000000000000002 2.0000000000000013 -0.2098133516792009
3.000000000000002 2.2000000000000015 -0.22712385269919189
3.000000000000002 2.4000000000000017 -0.2408700488250668
3.000000000000002 2.600000000000002 -0.2505947493195837
3.000000000000002 2.800000000000002 -0.2558492645203021
3.000000000000002 3.000000000000002 -0.25619370291349775
3.000000000000002 3.2000000000000024 -0.25119726660729036
3.000000000000002 3.4000000000000026 -0.24043854488096628
3.000000000000002 3.6000000000000028 -0.2235058054844341
3.000000000000002 3.800000000000003 -0.19999728335773703
3.2000000000000024 -4.0 -0.7367793085384662
3.2000000000000024 -3.8 -0.6155592164047974
3.2000000000000024 -3.5999999999999996 -0.5065018521353153
3.2000000000000024 -3.3999999999999995 -0.40905289776392806
3.2000000000000024 -3.1999999999999993 -0.3226579272302743
3.2000000000000024 -2.999999999999999 -0.2467626199322268
3.2000000000000024 -2.799999999999999 -0.18081297887660952
3.2000000000000024 -2.5999999999999988 -0.12425555335372351
3.2000000000000024 -2.3999999999999986 -0.07653766605353951
3.2000000000000024 -2.1999999999999984 -0.03710764453321147
3.2000000000000024 -1.9999999999999984 -0.005415056937714269
3.2000000000000024 -1.7999999999999985 0.0190890481330257
3.2000000000000024 -1.5999999999999985 0.03695189772550833
3.2000000000000024 -1.3999999999999986 0.048718746725828765
3.2000000000000024 -1.1999999999999986 0.054932626276499974
3.2000000000000024 -0.9999999999999987 0.05613408855739266
3.2000000000000024 -0.7999999999999987 0.0528609480796387
3.2000000000000024 -0.5999999999999988 0.04564801965031684
3.2000000000000024 -0.39999999999999875 0.035026853173922845
3.2000000000000024 -0.19999999999999873 0.02152546546552614
3.2000000000000024 1.27675647831893E-15 0.005668069258976338
3.2000000000000024 0.2000000000000013 -0.012025200398014135
3.2000000000000024 0.4000000000000013 -0.03103856216162626
3.2000000000000024 0.6000000000000013 -0.050860866613885225
3.2000000000000024 0.8000000000000014 -0.07098587647200905
3.2000000000000024 1.0000000000000013 -0.09091254856027442
3.2000000000000024 1.2000000000000013 -0.11014531731159793
3.2000000000000024 1.4000000000000012 -0.12819437955831048
3.2000000000000024 1.6000000000000012 -0.14457598036410824
3.2000000000000024 1.8000000000000012 -0.158812699641933
3.2000000000000024 2.0000000000000013 -0.17043373929535655
3.2000000000000024 2.2000000000000015 -0.17897521061447552
3.2000000000000024 2.4000000000000017 -0.18398042165081652
3.2000000000000024 2.600000000000002 -0.18500016428943056
3.2000000000000024 2.800000000000002 -0.18159300073111062
3.2000000000000024 3.000000000000002 -0.1733255490913681
3.2000000000000024 3.2000000000000024 -0.1597727678189962
3.2000000000000024 3.4000000000000026 -0.14051823863100843
3.2000000000000024 3.6000000000000028 -0.11515444765793781
3.2000000000000024 3.800000000000003 -0.08328306448873413
3.4000000000000026 -4.0 -0.8421009275393772
3.4000000000000026 -3.8 -0.7237670134850873
3.4000000000000026 -3.5999999999999996 -0.6168630180714274
3.4000000000000026 -3.3999999999999995 -0.5208588223590951
3.4000000000000026 -3.1999999999999993 -0.4352240137495258
3.4000000000000026 -2.999999999999999 -0.3594280861877195
3.4000000000000026 -2.799999999999999 -0.292940644795749
3.4000000000000026 -2.5999999999999988 -0.23523161487055688
3.4000000000000026 -2.3999999999999986 -0.1857714551733025
3.4000000000000026 -2.1999999999999984 -0.14403137542901234
3.4000000000000026 -1.9999999999999984 -0.10948355794842257
3.4000000000000026 -1.7999999999999985 -0.08160138327598787
3.4000000000000026 -1.5999999999999985 -0.0598596597596881
3.4000000000000026 -1.3999999999999986 -0.043734856931106236
3.4000000000000026 -1.1999999999999986 -0.03270534257571711
3.4000000000000026 -0.9999999999999987 -0.026251623365546095
3.4000000000000026 -0.7999999999999987 -0.02385658891808795
3.4000000000000026 -0.5999999999999988 -0.025005759137309624
3.4000000000000026 -0.39999999999999875 -0.02918753468445523
3.4000000000000026 -0.19999999999999873 -0.03589345041826775
3.4000000000000026 1.27675647831893E-15 -0.04461843163594281
3.4000000000000026 0.2000000000000013 -0.05486105293831134
3.4000000000000026 0.4000000000000013 -0.06612379953457914
3.4000000000000026 0.6000000000000013 -0.07791333079405982
3.4000000000000026 0.8000000000000014 -0.0897407458445394
3.4000000000000026 1.0000000000000013 -0.10112185100917559
3.4000000000000026 1.2000000000000013 -0.11157742886627209
3.4000000000000026 1.4000000000000012 -0.12063350870887701
3.4000000000000026 1.6000000000000012 -0.12782163817390835
3.4000000000000026 1.8000000000000012 -0.13267915580357048
3.4000000000000026 2.0000000000000013 -0.13474946429487034
3.4000000000000026 2.2000000000000015 -0.13358230418667816
3.4000000000000026 2.4000000000000017 -0.12873402772747777
3.4000000000000026 2.600000000000002 -0.119767872660697
3.4000000000000026 2.800000000000002 -0.10625423565942427
3.4000000000000026 3.000000000000002 -0.08777094513617101
3.4000000000000026 3.2000000000000024 -0.06390353314926145
3.4000000000000026 3.4000000000000026 -0.034245506121857616
3.4000000000000026 3.6000000000000028 0.0016013859135899366
3.4000000000000026 3.800000000000003 0.044026881837471166
3.6000000000000028 -4.0 -0.8179305779764405
3.6000000000000028 -3.8 -0.7109385790792118
3.6000000000000028 -3.5999999999999996 -0.6143994685683367
3.6000000000000028 -3.3999999999999995 -0.5278072913787142
3.6000000000000028 -3.1999999999999993 -0.45065569386223814
3.6000000000000028 -2.999999999999999 -0.38243811235113156
3.6000000000000028 -2.799999999999999 -0.32264796595578105
3.6000000000000028 -2.5999999999999988 -0.27077885353667597
3.6000000000000028 -2.3999999999999986 -0.22632475478316394
3.6000000000000028 -2.1999999999999984 -0.18878023532469612
3.6000000000000028 -1.9999999999999984 -0.15764065579364583
3.6000000000000028 -1.7999999999999985 -0.13240238475026445
3.6000000000000028 -1.5999999999999985 -0.11256301537443036
3.6000000000000028 -1.3999999999999986 -0.09762158582032754
3.6000000000000028 -1.1999999999999986 -0.08707880312309157
3.6000000000000028 -0.9999999999999987 -0.08043727053901151
3.6000000000000028 -0.7999999999999987 -0.0772017181928959
3.6000000000000028 -0.5999999999999988 -0.07687923689885778
3.6000000000000028 -0.39999999999999875 -0.07897951501291622
3.6000000000000028 -0.19999999999999873 -0.08301507816832121
3.6000000000000028 1.27675647831893E-15 -0.08850153173671771
3.6000000000000028 0.2000000000000013 -0.09495780585063684
3.6000000000000028 0.4000000000000013 -0.10190640281544283
3.6000000000000028 0.6000000000000013 -0.10887364673109934
3.6000000000000028 0.8000000000000014 -0.11538993513696005
3.6000000000000028 1.0000000000000013 -0.12098999248529768
3.6000000000000028 1.2000000000000013 -0.12521312524229777
3.6000000000000028 1.4000000000000012 -0.12760347840804265
3.6000000000000028 1.6000000000000012 -0.12771029324031424
3.6000000000000028 1.8000000000000012 -0.1250881659602907
3.6000000000000028 2.0000000000000013 -0.11929730721175513
3.6000000000000028 2.2000000000000015 -0.10990380203915517
3.6000000000000028 2.4000000000000017 -0.09647987014411008
3.6000000000000028 2.600000000000002 -0.07860412617366919
3.6000000000000028 2.800000000000002 -0.05586183978902959
3.6000000000000028 3.000000000000002 -0.02784519525732776
3.6000000000000028 3.2000000000000024 0.005846449694729472
3.6000000000000028 3.4000000000000026 0.04560630603207905
3.6000000000000028 3.6000000000000028 0.09181989683707492
3.6000000000000028 3.800000000000003 0.1448648022844079
3.800000000000003 -4.0 -0.5953486932129408
3.800000000000003 -3.8 -0.5109410941897607
3.800000000000003 -3.5999999999999996 -0.4357794400809283
3.800000000000003 -3.3999999999999995 -0.3693811534777467
3.800000000000003 -3.1999999999999993 -0.3112632111574314
3.800000000000003 -2.999999999999999 -0.2609423225748415
3.800000000000003 -2.799999999999999 -0.21793511238210073
3.800000000000003 -2.5999999999999988 -0.18175830691948391
3.800000000000003 -2.3999999999999986 -0.15192892461377028
3.800000000000003 -2.1999999999999984 -0.12796447021485235
3.800000000000003 -1.9999999999999984 -0.10938313279344314
3.800000000000003 -1.7999999999999985 -0.09570398741677266
3.800000000000003 -1.5999999999999985 -0.08644720041152354
3.800000000000003 -1.3999999999999986 -0.08113423811690978
3.800000000000003 -1.1999999999999986 -0.07928807902317914
3.800000000000003 -0.9999999999999987 -0.08043342918400853
3.800000000000003 -0.7999999999999987 -0.08409694078396157
3.800000000000003 -0.5999999999999988 -0.08980743373504474
3.800000000000003 -0.39999999999999875 -0.09709612016902547
3.800000000000003 -0.19999999999999873 -0.1054968316852598
3.800000000000003 1.27675647831893E-15 -0.11454624920621637
3.800000000000003 0.2000000000000013 -0.12378413528605137
3.800000000000003 0.4000000000000013 -0.1327535687101875
3.800000000000003 0.6000000000000013 -0.14100118121704464
3.800000000000003 0.8000000000000014 -0.14807739616596005
3.800000000000003 1.0000000000000013 -0.1535366689684493
3.800000000000003 1.2000000000000013 -0.15693772909334247
3.800000000000003 1.4000000000000012 -0.15784382344959136
3.800000000000003 1.6000000000000012 -0.15582296094413772
3.800000000000003 1.8000000000000012 -0.15044815800596734
3.800000000000003 2.0000000000000013 -0.14129768486131855
3.800000000000003 2.2000000000000015 -0.1279553123392212
3.800000000000003 2.4000000000000017 -0.11001055898083045
3.800000000000003 2.600000000000002 -0.08705893822050825
3.800000000000003 2.800000000000002 -0.05870220540188065
3.800000000000003 3.000000000000002 -0.02454860438655615
3.800000000000003 3.2000000000000024 0.01578688649056481
3.800000000000003 3.4000000000000026 0.06268230937044095
3.800000000000003 3.6000000000000028 0.11650848297777294
3.800000000000003 3.800000000000003 0.17762876014601403
